713.80511474609375 20.26163482666015625 617.3995361328125 56.764644622802734375 -0.1822752654552459716796875
255.7995452880859375 547.727783203125 190.381500244140625 551.59686279296875 0.16708673536777496337890625
293.4385986328125 491.76641845703125 220.1953887939453125 507.295257568359375 0.011230549775063991546630859375
293.4385986328125 491.76641845703125 220.1953887939453125 507.295257568359375 0.0094251930713653564453125
713.57122802734375 4.132825374603271484375 615.54656982421875 41.33951568603515625 -0.17129798233509063720703125
428.5234375 189.1104736328125 457.798004150390625 221.128326416015625 -0.23070167005062103271484375
698.43865966796875 8.09881496429443359375 603.2010498046875 46.944976806640625 -0.14890079200267791748046875
436.689666748046875 431.69561767578125 434.757293701171875 448.918121337890625 0.00832291133701801300048828125
218.0059814453125 163.8531341552734375 256.372283935546875 221.357452392578125 -0.1572170555591583251953125
218.0059814453125 163.8531341552734375 256.372283935546875 221.357452392578125 -0.0515183173120021820068359375
311.79473876953125 343.675384521484375 327.742889404296875 373.953460693359375 -0.0865900218486785888671875
410.047119140625 189.5403289794921875 440.519989013671875 223.630615234375 -0.14832796156406402587890625
596.88555908203125 65.28090667724609375 524.980712890625 110.02971649169921875 -0.121885955333709716796875
200.2841644287109375 156.9617919921875 241.47314453125 217.42633056640625 -0.16118143498897552490234375
279.685638427734375 281.4891357421875 301.16748046875 324.85015869140625 -0.060951769351959228515625
314.42840576171875 402.465850830078125 338.839324951171875 401.5086669921875 -0.103260882198810577392578125
206.4175567626953125 397.044921875 248.8594207763671875 397.500732421875 0.044025249779224395751953125
433.66204833984375 543.59063720703125 392.212005615234375 549.6107177734375 0.088627338409423828125
208.70343017578125 409.349029541015625 327.229766845703125 435.340057373046875 0.24003337323665618896484375
316.70526123046875 536.4964599609375 241.1588134765625 543.36883544921875 0.0342274792492389678955078125
267.599945068359375 281.95703125 301.16748046875 324.85015869140625 0.073438264429569244384765625
211.845245361328125 339.436309814453125 248.8594207763671875 397.500732421875 0.02483504079282283782958984375
417.957305908203125 536.52557373046875 383.109893798828125 544.48370361328125 0.17234434187412261962890625
706.64788818359375 12.63123035430908203125 610.86590576171875 50.600677490234375 -0.15102760493755340576171875
536.55609130859375 291.213409423828125 301.16748046875 324.85015869140625 0.314651668071746826171875
201.5886688232421875 409.841796875 238.385650634765625 434.485015869140625 0.00719106756150722503662109375
451.163482666015625 559.83929443359375 398.32257080078125 558.91375732421875 0.119729332625865936279296875
313.22528076171875 370.672943115234375 328.09130859375 421.96038818359375 0.007857390679419040679931640625
274.686614990234375 534.1097412109375 202.825714111328125 541.0714111328125 0.33496868610382080078125
433.95025634765625 424.769287109375 433.126495361328125 442.927490234375 -0.010115751065313816070556640625
215.9680023193359375 408.906158447265625 327.229766845703125 435.340057373046875 0.2457591593265533447265625
393.787261962890625 178.0325775146484375 424.26177978515625 214.2834625244140625 -0.0585466660559177398681640625
393.787261962890625 178.0325775146484375 424.26177978515625 214.2834625244140625 -0.089405246078968048095703125
210.9521942138671875 153.362091064453125 317.14794921875 244.67938232421875 -0.61509859561920166015625
52.425800323486328125 194.271881103515625 229.8838043212890625 215.036224365234375 -0.1379730403423309326171875
185.285125732421875 153.383453369140625 229.8838043212890625 215.036224365234375 -0.116803057491779327392578125
215.9680023193359375 408.906158447265625 333.54833984375 436.50732421875 0.32265317440032958984375
39.155879974365234375 517.82159423828125 133.069915771484375 522.69061279296875 -0.0312996022403240203857421875
217.3557891845703125 393.087493896484375 248.9355010986328125 420.280487060546875 -0.090268112719058990478515625
399.878662109375 522.20849609375 371.23382568359375 532.12005615234375 0.12683145701885223388671875
296.041778564453125 493.939605712890625 222.487579345703125 508.980133056640625 0.005077316425740718841552734375
400.202484130859375 168.4726409912109375 428.53460693359375 205.307098388671875 -0.079234369099140167236328125
400.202484130859375 168.4726409912109375 428.53460693359375 205.307098388671875 0.00761504285037517547607421875
201.8902587890625 368.5228271484375 351.592803955078125 403.457275390625 3.08833599090576171875
706.05450439453125 34.593639373779296875 610.7845458984375 71.51770782470703125 -0.1346664726734161376953125
121.8203582763671875 402.3636474609375 248.8924713134765625 371.34033203125 -0.001288970001041889190673828125
369.63067626953125 507.113739013671875 350.1309814453125 518.1138916015625 -0.02168185822665691375732421875
199.10479736328125 397.455322265625 351.592803955078125 403.457275390625 3.143574237823486328125
330.11920166015625 381.67572021484375 241.8489837646484375 396.901153564453125 -3.0850346088409423828125
575.77862548828125 370.07684326171875 488.047760009765625 398.365875244140625 0.09013788402080535888671875
136.0031585693359375 400.817047119140625 248.9355010986328125 420.280487060546875 0.0123205818235874176025390625
513.88458251953125 391.076751708984375 488.047760009765625 398.365875244140625 1.72873961925506591796875
427.20562744140625 533.4798583984375 389.61163330078125 541.54150390625 -0.122540034353733062744140625
711.953857421875 33.082592010498046875 619.56573486328125 67.91193389892578125 -0.1210542619228363037109375
564.3350830078125 386.415283203125 488.047760009765625 398.365875244140625 -1.574244022369384765625
566.2989501953125 449.455535888671875 488.047760009765625 398.365875244140625 -1.641237735748291015625
379.952728271484375 503.222412109375 357.668243408203125 514.10272216796875 -0.0092997588217258453369140625
298.730560302734375 499.804351806640625 224.2267913818359375 513.2138671875 -0.0220006406307220458984375
408.201751708984375 530.89495849609375 376.479949951171875 539.41424560546875 0.16902230679988861083984375
602.591796875 367.778900146484375 488.047760009765625 398.365875244140625 0.065604306757450103759765625
513.88458251953125 391.076751708984375 497.099609375 410.901519775390625 0.03087189607322216033935546875
429.5135498046875 195.1121978759765625 460.659515380859375 227.0447845458984375 -0.2240261733531951904296875
282.788665771484375 544.10308837890625 209.081268310546875 549.1392822265625 -0.01529826223850250244140625
120.496673583984375 408.97314453125 243.5374908447265625 376.98944091796875 -6.22228527069091796875
185.285125732421875 153.383453369140625 56.32234954833984375 406.263336181640625 0.61117041110992431640625
416.559112548828125 187.54083251953125 444.303619384765625 221.668182373046875 -0.23520720005035400390625
460.1551513671875 364.120941162109375 456.05419921875 386.897491455078125 -0.033447705209255218505859375
120.0308990478515625 416.477630615234375 238.385650634765625 434.485015869140625 0.011714446358382701873779296875
684.48602294921875 297.52276611328125 802.0889892578125 284.447509765625 0.036085300147533416748046875
499.911834716796875 365.4073486328125 485.992767333984375 387.58447265625 -0.0101205445826053619384765625
17.4408473968505859375 203.695831298828125 161.0891571044921875 247.577880859375 -0.16144083440303802490234375
304.534027099609375 546.23626708984375 228.202545166015625 551.226318359375 0.010473147965967655181884765625
248.58038330078125 193.7863616943359375 56.32234954833984375 406.263336181640625 -0.333536684513092041015625
757.74407958984375 156.5236053466796875 739.06036376953125 441.781005859375 0.1443486511707305908203125
223.38409423828125 327.577606201171875 334.774200439453125 416.781158447265625 -0.01053120382130146026611328125
223.38409423828125 327.577606201171875 334.774200439453125 416.781158447265625 -0.06286232173442840576171875
775.82183837890625 94.80883026123046875 807.05291748046875 76.57038116455078125 -0.1114532947540283203125
220.7137298583984375 356.400604248046875 334.774200439453125 416.781158447265625 -0.011564510874450206756591796875
220.7137298583984375 356.400604248046875 334.774200439453125 416.781158447265625 -0.0579836778342723846435546875
385.9674072265625 409.42938232421875 401.408203125 429.144378662109375 0.01604501344263553619384765625
694.3629150390625 398.018829345703125 488.047760009765625 398.365875244140625 1.67760050296783447265625
220.1879425048828125 524.99725341796875 142.6467437744140625 528.249267578125 -0.067607007920742034912109375
801.07861328125 89.45677947998046875 807.05291748046875 76.57038116455078125 -0.06951169669628143310546875
796.34619140625 281.743682861328125 676.9390869140625 307.05499267578125 -0.0518970191478729248046875
218.065673828125 385.615875244140625 334.774200439453125 416.781158447265625 -0.0325952284038066864013671875
218.065673828125 385.615875244140625 334.774200439453125 416.781158447265625 -0.0151635073125362396240234375
411.77099609375 313.04827880859375 468.413543701171875 330.9151611328125 -0.0952314436435699462890625
398.2818603515625 515.4271240234375 370.020294189453125 525.02288818359375 0.2582339346408843994140625
374.988861083984375 513.0438232421875 354.380401611328125 523.2705078125 -0.0467059873044490814208984375
298.806243896484375 550.2669677734375 222.4348907470703125 554.4434814453125 0.06006599962711334228515625
219.3637542724609375 371.032135009765625 699.5013427734375 420.9013671875 0.0064027719199657440185546875
879.20794677734375 74.553802490234375 652.97552490234375 258.246978759765625 0.098139353096485137939453125
431.01953125 536.303466796875 392.32452392578125 544.2618408203125 0.0393474064767360687255859375
222.1049957275390625 341.814697265625 699.5013427734375 420.9013671875 -0.07256688177585601806640625
53.819278717041015625 424.443359375 193.560791015625 441.988067626953125 -0.00222480483353137969970703125
306.63128662109375 543.53936767578125 230.2248687744140625 548.370849609375 -0.0511508025228977203369140625
399.893096923828125 172.044464111328125 428.179901123046875 208.6257476806640625 -0.0674927532672882080078125
446.60162353515625 546.00238037109375 370.020294189453125 525.02288818359375 0.08427466452121734619140625
9.895900726318359375 428.12591552734375 202.7275238037109375 440.883880615234375 0.009021724574267864227294921875
139.7612152099609375 366.67864990234375 334.774200439453125 416.781158447265625 -0.1039996445178985595703125
384.3233642578125 527.7396240234375 362.6934814453125 538.39996337890625 -0.0445368401706218719482421875
610.33392333984375 520.69830322265625 524.95794677734375 515.42791748046875 3.1098382472991943359375
136.657318115234375 394.073577880859375 334.774200439453125 416.781158447265625 -0.03911970555782318115234375
375.01727294921875 501.469207763671875 354.211517333984375 512.7852783203125 -0.00567066855728626251220703125
367.743499755859375 514.30792236328125 349.266448974609375 524.10467529296875 -0.11466719210147857666015625
604.100341796875 398.332305908203125 487.757080078125 425.37103271484375 -0.001583515550009906291961669921875
252.4998779296875 287.920654296875 271.828643798828125 329.049957275390625 -0.0942695140838623046875
871.92047119140625 523.57659912109375 562.85406494140625 546.39373779296875 -0.07496266067028045654296875
268.025482177734375 494.5797119140625 201.043853759765625 509.392364501953125 0.07826603949069976806640625
58.4617767333984375 192.81585693359375 189.09234619140625 234.4591827392578125 -0.0177550278604030609130859375
164.35015869140625 289.612457275390625 211.2965087890625 334.961456298828125 -0.150404155254364013671875
467.0687255859375 469.664703369140625 477.512664794921875 482.87908935546875 0.01177809573709964752197265625
309.553009033203125 491.3587646484375 234.92828369140625 506.941680908203125 0.13956721127033233642578125
592.5687255859375 397.372344970703125 798.9366455078125 396.376800537109375 -0.054118096828460693359375
385.204620361328125 506.702789306640625 361.14068603515625 517.58349609375 0.071280039846897125244140625
86.9746246337890625 247.3206787109375 167.575927734375 298.67242431640625 -0.10649394989013671875
514.35980224609375 468.016448974609375 477.512664794921875 482.87908935546875 -0.01875344850122928619384765625
80.0275726318359375 248.815399169921875 163.738739013671875 300.0625 -0.00096379802562296390533447265625
478.0787353515625 468.869964599609375 487.139984130859375 482.085601806640625 -0.0546848215162754058837890625
438.930206298828125 437.260009765625 435.756134033203125 453.503936767578125 0.27429068088531494140625
138.228179931640625 380.4847412109375 699.5013427734375 420.9013671875 0.008705607615411281585693359375
68.9540863037109375 382.0697021484375 251.2039337158203125 395.35302734375 -0.0534038357436656951904296875
490.413055419921875 468.995025634765625 477.512664794921875 482.87908935546875 0.01545325852930545806884765625
379.464202880859375 243.5297393798828125 413.008941650390625 275.523895263671875 -0.084190778434276580810546875
282.22320556640625 552.177001953125 208.67730712890625 555.68743896484375 0.0613933168351650238037109375
332.18096923828125 503.62628173828125 321.864898681640625 515.0347900390625 -0.098791562020778656005859375
875.553955078125 518.73272705078125 566.22357177734375 542.79534912109375 0.098590753972530364990234375
299.043792724609375 557.7158203125 222.8158111572265625 560.51617431640625 -0.0206088721752166748046875
118.50850677490234375 299.28765869140625 187.3315277099609375 342.287811279296875 -0.13629472255706787109375
606.66290283203125 351.404144287109375 792.95947265625 400.138519287109375 -3.124602794647216796875
503.09722900390625 468.20892333984375 487.139984130859375 482.085601806640625 0.03853647410869598388671875
678.89447021484375 206.6030731201171875 582.565185546875 240.0387420654296875 -0.1421755254268646240234375
682.0185546875 235.5240631103515625 807.05291748046875 76.57038116455078125 -0.21378420293331146240234375
296.38043212890625 284.455810546875 307.684112548828125 324.1463623046875 -0.214230000972747802734375
198.082763671875 166.6920623779296875 238.5249786376953125 226.53515625 -0.14074353873729705810546875
42.59922027587890625 317.45111083984375 103.827301025390625 368.797637939453125 -0.0526879765093326568603515625
388.98944091796875 187.23553466796875 419.793243408203125 223.1952056884765625 -0.10437940061092376708984375
185.9717864990234375 303.613311767578125 229.0214080810546875 343.935394287109375 0.02836319990456104278564453125
711.2979736328125 9.222736358642578125 614.5997314453125 45.200435638427734375 -0.17800994217395782470703125
282.94390869140625 518.14666748046875 210.2209625244140625 528.66082763671875 0.15509290993213653564453125
234.927032470703125 219.613800048828125 520.4652099609375 553.02130126953125 -1.314383983612060546875
527.488525390625 287.61517333984375 437.780364990234375 329.654266357421875 -0.110706008970737457275390625
55.150146484375 522.56329345703125 142.6467437744140625 528.249267578125 -0.1301753222942352294921875
394.131011962890625 195.1295623779296875 425.24517822265625 231.352630615234375 0.000848216819576919078826904296875
281.47601318359375 285.067352294921875 293.13763427734375 326.084320068359375 -0.01752253435552120208740234375
288.948516845703125 606.120361328125 212.729583740234375 599.296630859375 0.01592730171978473663330078125
175.000946044921875 616.96966552734375 693.62322998046875 463.01397705078125 1.50372993946075439453125
354.7164306640625 308.848052978515625 373.602569580078125 339.753753662109375 -0.3009640872478485107421875
404.3409423828125 385.45587158203125 413.46514892578125 415.974151611328125 0.0662471950054168701171875
306.91436767578125 527.2440185546875 230.8734588623046875 536.06219482421875 -0.0786399543285369873046875
601.44720458984375 167.09161376953125 524.4764404296875 206.1465606689453125 0.0152436681091785430908203125
882.43145751953125 67.16727447509765625 766.7049560546875 88.8409271240234375 -0.0272462703287601470947265625
702.20318603515625 11.40625667572021484375 607.87921142578125 48.468784332275390625 -0.096101768314838409423828125
298.921539306640625 534.31439208984375 223.00750732421875 541.5157470703125 0.0224115662276744842529296875
298.921539306640625 534.31439208984375 223.00750732421875 541.5157470703125 -0.02432424761354923248291015625
303.759033203125 491.380584716796875 229.29168701171875 506.88330078125 -0.0262220166623592376708984375
367.918792724609375 318.446441650390625 447.70697021484375 334.59002685546875 -0.070038475096225738525390625
55.9100341796875 601.2149658203125 715.7861328125 295.4136962890625 1.31546151638031005859375
452.91705322265625 303.968902587890625 451.593170166015625 330.41314697265625 0.08718816936016082763671875
412.05615234375 524.772705078125 379.315338134765625 533.61944580078125 0.1698694527149200439453125
257.0335693359375 614.35394287109375 824.596435546875 315.335479736328125 -0.266474306583404541015625
77.4745025634765625 237.9208221435546875 162.791778564453125 289.838104248046875 -0.0399399586021900177001953125
775.8314208984375 274.407135009765625 521.9205322265625 242.111175537109375 -1.51128351688385009765625
291.431854248046875 565.239990234375 216.277679443359375 566.41217041015625 0.0020746025256812572479248046875
295.37701416015625 289.824859619140625 306.989349365234375 328.857330322265625 -0.163387596607208251953125
354.662109375 316.55615234375 373.886138916015625 346.80291748046875 -0.11410047113895416259765625
736.47705078125 592.90869140625 403.341339111328125 259.746063232421875 -0.718290269374847412109375
173.94927978515625 222.3127899169921875 220.244964599609375 276.017730712890625 -0.0561921633780002593994140625
34.476978302001953125 425.992095947265625 604.52276611328125 60.16374969482421875 -0.3769566118717193603515625
597.65496826171875 90.4313507080078125 524.12420654296875 133.8987884521484375 0.0253823213279247283935546875
790.394775390625 582.84210205078125 358.1868896484375 557.579345703125 -0.16113483905792236328125
36.349979400634765625 339.66619873046875 135.673492431640625 376.63018798828125 0.00054275221191346645355224609375
536.470703125 262.487518310546875 443.87628173828125 307.696533203125 -0.072012938559055328369140625
433.66839599609375 420.823455810546875 433.131439208984375 439.123077392578125 -0.065416820347309112548828125
373.35589599609375 495.06756591796875 352.862579345703125 507.33575439453125 -0.0809193551540374755859375
394.160369873046875 234.5038299560546875 423.35955810546875 268.847259521484375 -0.026851855218410491943359375
472.418121337890625 464.631988525390625 482.35382080078125 478.625152587890625 -0.036743633449077606201171875
817.54266357421875 317.0184326171875 691.19097900390625 341.445831298828125 -0.032034099102020263671875
359.482452392578125 319.049072265625 378.98956298828125 348.5228271484375 -0.12736354768276214599609375
885.95538330078125 476.55926513671875 575.89569091796875 505.32958984375 0.154672145843505859375
511.596435546875 465.3685302734375 493.8516845703125 479.825439453125 -0.001324123702943325042724609375
67.75251007080078125 248.9350433349609375 156.092010498046875 300.360137939453125 0.106713660061359405517578125
94.32793426513671875 503.442474365234375 165.4391937255859375 512.89483642578125 0.01745116151869297027587890625
403.587860107421875 517.52880859375 373.580657958984375 527.38934326171875 0.09462077915668487548828125
94.2740631103515625 503.237060546875 165.4391937255859375 512.89483642578125 0.0260366611182689666748046875
688.2388916015625 331.638336181640625 584.97955322265625 358.574127197265625 0.0061247381381690502166748046875
435.463592529296875 287.102813720703125 436.34698486328125 317.078765869140625 -0.089280880987644195556640625
392.65771484375 221.45892333984375 457.428497314453125 245.016815185546875 3.133891582489013671875
260.32586669921875 255.38385009765625 702.669189453125 631.8995361328125 0.29594695568084716796875
287.18377685546875 519.0966796875 213.8801422119140625 529.23394775390625 0.101166568696498870849609375
735.9869384765625 531.10614013671875 580.903076171875 413.26202392578125 -3.013470172882080078125
807.57366943359375 113.43341827392578125 814.4609375 100.938720703125 -0.02487499080598354339599609375
855.84344482421875 281.932220458984375 662.69921875 248.0670928955078125 -3.1973068714141845703125
473.705291748046875 327.673004150390625 465.130096435546875 352.835662841796875 -0.07335437834262847900390625
106.87408447265625 428.5838623046875 227.2677764892578125 444.94921875 0.0056512276642024517059326171875
483.540374755859375 281.223236083984375 396.756072998046875 339.25628662109375 0.022866167128086090087890625
829.6182861328125 483.387420654296875 443.87628173828125 307.696533203125 -3.2965805530548095703125
200.28179931640625 453.69866943359375 236.4794158935546875 471.2935791015625 -0.0236334241926670074462890625
200.28179931640625 453.69866943359375 236.4794158935546875 471.2935791015625 -0.107353083789348602294921875
113.421630859375 494.888885498046875 180.0908966064453125 505.9749755859375 -0.068062938749790191650390625
426.055633544921875 211.6896209716796875 457.396209716796875 241.6728363037109375 -0.005292234010994434356689453125
505.986419677734375 411.32708740234375 490.500213623046875 429.352020263671875 0.01764743588864803314208984375
582.3436279296875 361.38128662109375 483.078704833984375 421.7779541015625 -3.2139937877655029296875
214.519134521484375 447.607208251953125 244.895843505859375 465.576263427734375 -0.08494578301906585693359375
214.519134521484375 447.607208251953125 244.895843505859375 465.576263427734375 0.098293550312519073486328125
822.78668212890625 494.999755859375 521.9205322265625 242.111175537109375 -1.6667811870574951171875
822.78668212890625 494.999755859375 521.9205322265625 242.111175537109375 -1.579045772552490234375
292.31195068359375 277.468994140625 303.445037841796875 318.01129150390625 -0.21247391402721405029296875
204.56292724609375 447.99090576171875 238.524810791015625 466.116851806640625 -0.0599355064332485198974609375
367.228759765625 310.767730712890625 385.616241455078125 340.742523193359375 -0.116851516067981719970703125
409.667449951171875 316.627716064453125 475.64031982421875 332.554840087890625 -0.151719748973846435546875
901.4315185546875 511.847991943359375 583.81072998046875 537.024658203125 -0.078997075557708740234375
696.66253662109375 107.36310577392578125 854.4017333984375 195.1280670166015625 6.172860622406005859375
122.4044189453125 452.06298828125 244.895843505859375 465.576263427734375 0.06922887265682220458984375
472.859405517578125 389.16522216796875 483.365814208984375 408.314117431640625 -0.103147424757480621337890625
363.473297119140625 318.613006591796875 382.54925537109375 347.70989990234375 -0.036235503852367401123046875
131.0997314453125 451.85125732421875 244.895843505859375 465.576263427734375 -0.00376251409761607646942138671875
195.860382080078125 455.736297607421875 232.90863037109375 473.159942626953125 -6.2527256011962890625
871.419921875 343.399871826171875 736.19122314453125 365.8028564453125 0.09276641905307769775390625
662.43792724609375 496.32476806640625 170.7719573974609375 512.7269287109375 -0.0031068436801433563232421875
866.5328369140625 481.178009033203125 563.47210693359375 509.1629638671875 0.15480636060237884521484375
289.313720703125 395.710052490234375 300.932952880859375 420.93115234375 -0.20557312667369842529296875
289.313720703125 395.710052490234375 300.932952880859375 420.93115234375 -0.12558828294277191162109375
659.5859375 267.941802978515625 714.5654296875 137.456268310546875 -3.2400004863739013671875
44.937053680419921875 462.890777587890625 138.9093475341796875 478.4393310546875 -0.0459150262176990509033203125
762.4154052734375 246.3257598876953125 648.20550537109375 274.425811767578125 0.0270380079746246337890625
708.29595947265625 226.8144683837890625 854.4017333984375 195.1280670166015625 6.02519893646240234375
295.450286865234375 264.028656005859375 305.37744140625 306.737701416015625 -0.176644802093505859375
470.027984619140625 413.34228515625 480.571258544921875 429.98077392578125 -0.02281796373426914215087890625
300.680023193359375 506.40716552734375 225.6600189208984375 519.06793212890625 0.022199578583240509033203125
359.717254638671875 412.074951171875 417.235748291015625 430.494903564453125 0.264079570770263671875
248.5538482666015625 425.16064453125 300.932952880859375 420.93115234375 -2.99778461456298828125
349.78424072265625 578.4415283203125 332.635772705078125 579.3489990234375 0.0419309400022029876708984375
698.25018310546875 276.31890869140625 682.1412353515625 158.6748504638671875 -0.0586161799728870391845703125
447.057891845703125 292.52471923828125 314.207672119140625 317.695587158203125 0.535973966121673583984375
419.740203857421875 315.008026123046875 475.64031982421875 332.554840087890625 0.008407066576182842254638671875
463.434051513671875 308.7330322265625 475.64031982421875 332.554840087890625 0.00434255041182041168212890625
235.3013153076171875 380.693878173828125 281.905059814453125 333.535736083984375 1.34071624279022216796875
248.5538482666015625 425.16064453125 302.050750732421875 400.968963623046875 0.00207886355929076671600341796875
472.793731689453125 270.98126220703125 403.24676513671875 331.43402099609375 -0.0534459166228771209716796875
330.524871826171875 377.959686279296875 350.560699462890625 403.7252197265625 0.0327377058565616607666015625
21.535701751708984375 339.89923095703125 163.050994873046875 369.647491455078125 -0.044110469520092010498046875
148.325836181640625 481.885101318359375 113.5719451904296875 496.558929443359375 -0.0320021398365497589111328125
539.712890625 285.634674072265625 516.90228271484375 311.95343017578125 -0.01936943642795085906982421875
707.87359619140625 407.852752685546875 56.32234954833984375 406.263336181640625 -0.536473810672760009765625
305.060791015625 386.568878173828125 319.29449462890625 410.82293701171875 0.0091080106794834136962890625
872.92852783203125 533.07257080078125 563.12261962890625 555.33197021484375 -0.01060417480766773223876953125
97.17865753173828125 322.58746337890625 172.012603759765625 361.720794677734375 0.014082795940339565277099609375
244.8258209228515625 472.988494873046875 300.932952880859375 420.93115234375 0.086585223674774169921875
286.3236083984375 441.784912109375 297.97857666015625 460.79791259765625 0.003714577294886112213134765625
466.228271484375 490.73199462890625 428.126251220703125 553.869384765625 -1.48969745635986328125
875.2825927734375 67.36360931396484375 883.579833984375 43.747074127197265625 -0.103916279971599578857421875
94.613372802734375 236.9184722900390625 262.71087646484375 234.9974517822265625 0.4943263828754425048828125
112.251373291015625 189.02142333984375 227.7938995361328125 228.453704833984375 -0.0332825891673564910888671875
179.5146636962890625 622.632080078125 662.43634033203125 116.99196624755859375 4.190108776092529296875
67.10132598876953125 636.67523193359375 106.05846405029296875 479.3680419921875 4.580568790435791015625
113.38536834716796875 564.349609375 175.3351898193359375 562.9754638671875 0.114298082888126373291015625
697.73590087890625 476.248626708984375 418.699066162109375 361.4910888671875 3.0265276432037353515625
434.26123046875 530.02691650390625 396.54736328125 538.70831298828125 0.081475682556629180908203125
532.66650390625 279.672882080078125 309.507232666015625 316.069366455078125 0.4779362380504608154296875
892.40655517578125 130.023345947265625 819.45721435546875 134.669952392578125 0.00188498548232018947601318359375
92.11602020263671875 207.9766845703125 635.86981201171875 513.87103271484375 -1.473872661590576171875
176.5355377197265625 520.5123291015625 140.91302490234375 370.54315185546875 0.1281537115573883056640625
414.116790771484375 401.4044189453125 478.89508056640625 399.548858642578125 0.0643643438816070556640625
670.15814208984375 243.8451385498046875 784.10638427734375 226.2571563720703125 -0.01700215227901935577392578125
507.357330322265625 479.958953857421875 309.507232666015625 316.069366455078125 0.334825932979583740234375
867.32220458984375 448.041290283203125 564.6124267578125 479.59027099609375 0.17273209989070892333984375
115.2023468017578125 459.488677978515625 69.47643280029296875 482.337615966796875 -0.0041683800518512725830078125
5.351032257080078125 484.76824951171875 113.5719451904296875 496.558929443359375 -0.066027753055095672607421875
345.895233154296875 581.06134033203125 329.324920654296875 581.7476806640625 -0.200820446014404296875
343.634429931640625 317.920196533203125 361.814971923828125 348.870513916015625 0.00933278165757656097412109375
290.22723388671875 384.60467529296875 297.97857666015625 460.79791259765625 0.067227773368358612060546875
359.576751708984375 259.424285888671875 373.89019775390625 296.014373779296875 -0.11585016548633575439453125
368.535736083984375 368.468780517578125 386.198577880859375 392.82562255859375 0.0447693355381488800048828125
123.41986083984375 377.716796875 240.74090576171875 398.31146240234375 6.24564456939697265625
294.546875 394.334930419921875 306.411407470703125 419.5123291015625 0.00357023370452225208282470703125
610.42425537109375 604.0225830078125 412.646942138671875 674.24334716796875 -3.428994655609130859375
302.950958251953125 277.819671630859375 314.207672119140625 317.695587158203125 -0.22724060714244842529296875
114.25705718994140625 345.192413330078125 231.08428955078125 369.6781005859375 -0.0557870976626873016357421875
191.5868988037109375 233.3244171142578125 228.583740234375 284.569366455078125 -0.0738222897052764892578125
573.637451171875 506.8232421875 390.90655517578125 619.5455322265625 -3.0016467571258544921875
721.8795166015625 358.039276123046875 877.24151611328125 346.30010986328125 -0.058366902172565460205078125
605.95623779296875 226.662353515625 525.60162353515625 262.172607421875 6.2660999298095703125
287.2294921875 430.388275146484375 298.72369384765625 450.939239501953125 -0.0776476562023162841796875
776.589111328125 452.977569580078125 557.5172119140625 426.580810546875 0.0545159690082073211669921875
245.7263946533203125 466.794708251953125 297.97857666015625 460.79791259765625 0.1280160248279571533203125
267.09368896484375 293.218109130859375 281.905059814453125 333.535736083984375 -0.25753939151763916015625
512.37921142578125 273.3597412109375 462.97454833984375 309.03302001953125 -0.071611337363719940185546875
864.34228515625 427.2977294921875 565.00787353515625 460.61810302734375 0.01599601097404956817626953125
272.202850341796875 246.7320709228515625 285.323516845703125 294.155181884765625 -0.2457146942615509033203125
290.22723388671875 384.60467529296875 301.785736083984375 411.336517333984375 0.01650174520909786224365234375
374.474365234375 357.719635009765625 391.020660400390625 383.24505615234375 -0.0048027448356151580810546875
465.02276611328125 347.923431396484375 459.145111083984375 372.303192138671875 -0.033166475594043731689453125
112.36243438720703125 413.465850830078125 139.588592529296875 441.35931396484375 0.085952989757061004638671875
448.31951904296875 237.9416046142578125 414.449432373046875 279.78033447265625 -0.16437137126922607421875
339.44696044921875 334.02557373046875 357.95184326171875 362.98052978515625 -0.093801863491535186767578125
291.106353759765625 367.280303955078125 302.543731689453125 396.2860107421875 0.06086601316928863525390625
115.96886444091796875 497.88818359375 179.193023681640625 508.12677001953125 0.022339127957820892333984375
115.96886444091796875 497.88818359375 179.193023681640625 508.12677001953125 0.06012405455112457275390625
289.512603759765625 389.86529541015625 300.92181396484375 415.8533935546875 0.2133021652698516845703125
361.67352294921875 594.1197509765625 340.38238525390625 593.2783203125 0.0436923541128635406494140625
902.78326416015625 386.527557373046875 761.529296875 408.0457763671875 0.078724645078182220458984375
319.87274169921875 311.321502685546875 335.16717529296875 345.090606689453125 -0.20142845809459686279296875
370.1839599609375 568.0029296875 348.489471435546875 570.66552734375 0.124624751508235931396484375
456.783355712890625 348.758056640625 453.02630615234375 373.201171875 -0.010930411517620086669921875
345.9713134765625 321.050689697265625 364.1031494140625 351.356719970703125 -0.009231048636138439178466796875
91.844146728515625 477.35174560546875 167.3131256103515625 490.492828369140625 -0.005117796361446380615234375
338.74578857421875 425.32818603515625 356.8743896484375 444.521484375 0.01564873568713665008544921875
516.2349853515625 501.162078857421875 491.797943115234375 512.5496826171875 0.0346493236720561981201171875
772.68829345703125 345.087188720703125 757.71734619140625 416.630859375 2.9741761684417724609375
287.303863525390625 424.60235595703125 298.915130615234375 445.9091796875 -0.00258992426097393035888671875
158.9500579833984375 179.0282440185546875 210.494140625 239.6782379150390625 -0.13724388182163238525390625
43.937908172607421875 422.0775146484375 139.094329833984375 445.09503173828125 -0.010137056000530719757080078125
801.9222412109375 79.74158477783203125 827.2923583984375 196.2557525634765625 0.01338451541960239410400390625
240.0865631103515625 452.030853271484375 306.00897216796875 352.653594970703125 3.112668514251708984375
121.68441009521484375 254.043243408203125 387.530609130859375 296.794708251953125 -0.10864259302616119384765625
838.2789306640625 201.684844970703125 836.76971435546875 193.44317626953125 -0.13983087241649627685546875
899.39349365234375 395.17926025390625 757.71734619140625 416.630859375 -0.0204770453274250030517578125
370.9471435546875 564.93780517578125 350.07550048828125 568.17333984375 0.13908465206623077392578125
376.17236328125 497.497161865234375 355.34576416015625 509.529327392578125 0.14422561228275299072265625
362.82415771484375 405.146453857421875 381.243499755859375 423.26953125 -0.0454644225537776947021484375
516.516845703125 609.27313232421875 388.59405517578125 421.26654052734375 -1.60099709033966064453125
37.464855194091796875 388.28143310546875 388.59405517578125 421.26654052734375 -3.2533810138702392578125
852.54071044921875 470.6796875 699.37530517578125 518.4840087890625 5.797388553619384765625
746.08367919921875 106.92842864990234375 848.1641845703125 129.4401092529296875 3.0303592681884765625
39.2007598876953125 428.594207763671875 136.2809295654296875 450.607452392578125 -0.10422973334789276123046875
892.6868896484375 366.28466796875 897.8367919921875 413.282073974609375 -0.19665314257144927978515625
38.120784759521484375 382.41168212890625 388.59405517578125 421.26654052734375 -3.319438934326171875
369.5745849609375 385.3436279296875 386.812713623046875 407.43804931640625 0.0327132046222686767578125
677.78057861328125 201.0648345947265625 582.2001953125 234.445709228515625 -0.062244467437267303466796875
440.05841064453125 452.532318115234375 437.523834228515625 467.8564453125 -0.02665105275809764862060546875
