380.000152587890625 284.673187255859375 401.485076904296875 109.19837188720703125 -1.60361778736114501953125
316.0894775390625 211.0238800048828125 206.5438995361328125 286.70147705078125 -1.507898807525634765625
361.316253662109375 245.967498779296875 296.14398193359375 159.604827880859375 4.833026885986328125
396.43975830078125 264.09295654296875 350.9669189453125 50.684421539306640625 -1.65070283412933349609375
318.519500732421875 343.252960205078125 569.39581298828125 257.038238525390625 -1.852391719818115234375
241.069732666015625 336.19482421875 550.629638671875 471.574676513671875 -1.6228711605072021484375
241.069732666015625 336.19482421875 550.629638671875 471.574676513671875 4.70214176177978515625
260.5921630859375 330.82659912109375 534.218017578125 416.842498779296875 -1.65104472637176513671875
105.07675933837890625 241.370391845703125 466.393768310546875 125.749908447265625 -4.82977771759033203125
260.87066650390625 331.061920166015625 534.218017578125 416.842498779296875 -1.6505298614501953125
319.66021728515625 228.5215301513671875 249.2169952392578125 282.8995361328125 4.80715656280517578125
354.79888916015625 228.20416259765625 250.9344940185546875 177.4142913818359375 -1.57667446136474609375
319.3262939453125 228.1734466552734375 249.2169952392578125 282.8995361328125 4.80359745025634765625
233.504364013671875 351.902130126953125 606.3853759765625 488.16705322265625 4.724580287933349609375
99.66684722900390625 238.9617156982421875 466.393768310546875 125.749908447265625 -1.634621143341064453125
212.976287841796875 357.75689697265625 627.26544189453125 546.73974609375 -1.4599311351776123046875
327.98553466796875 193.4469757080078125 158.6070709228515625 251.2261810302734375 -1.5689952373504638671875
284.5623779296875 328.2353515625 522.826171875 355.336029052734375 -1.578053951263427734375
52.95501708984375 467.74755859375 360.09149169921875 30.9291934967041015625 2.4284687042236328125
357.157867431640625 231.759552001953125 260.80657958984375 169.026153564453125 -1.6093194484710693359375
261.736114501953125 243.7066650390625 292.974578857421875 421.023040771484375 -1.56388270854949951171875
331.433441162109375 250.8130645751953125 307.774505615234375 248.8299407958984375 4.800884246826171875
426.150421142578125 195.387664794921875 481.012725830078125 48.006710052490234375 -2.76596164703369140625
373.75579833984375 262.751800537109375 343.17529296875 124.537994384765625 -1.4543282985687255859375
350.4871826171875 241.6141204833984375 286.3199462890625 191.352783203125 -1.53500449657440185546875
367.874664306640625 323.03741455078125 529.89593505859375 130.96697998046875 -1.7544753551483154296875
223.26263427734375 280.494537353515625 396.38153076171875 522.97674560546875 4.622124195098876953125
264.211822509765625 327.939208984375 522.926025390625 411.257232666015625 -1.56980955600738525390625
249.6237030029296875 335.495635986328125 548.32952880859375 447.979461669921875 4.69908809661865234375
271.148345947265625 353.509765625 607.2755126953125 379.002777099609375 4.58225250244140625
278.80059814453125 352.0631103515625 602.71710205078125 360.797027587890625 4.604804515838623046875
278.80059814453125 352.0631103515625 602.71710205078125 360.797027587890625 -1.5959770679473876953125
400.77947998046875 196.6300201416015625 165.5912322998046875 20.4217891693115234375 -1.43531119823455810546875
290.76300048828125 361.79217529296875 635.721435546875 320.476776123046875 -1.6215221881866455078125
290.76300048828125 361.79217529296875 635.721435546875 320.476776123046875 4.394656658172607421875
387.0809326171875 281.002532958984375 389.869720458984375 87.74111175537109375 -1.6160984039306640625
370.99658203125 259.762451171875 332.784912109375 131.3206024169921875 -1.43973052501678466796875
207.0389404296875 300.34228515625 452.343170166015625 567.00830078125 -1.607525348663330078125
265.095184326171875 325.243988037109375 514.36444091796875 410.879241943359375 -1.75378644466400146484375
132.1317596435546875 517.123291015625 65.1554718017578125 454.608856201171875 -1.0185163021087646484375
271.17047119140625 359.21649169921875 628.5111083984375 378.476959228515625 -1.77337968349456787109375
271.17047119140625 359.21649169921875 628.5111083984375 378.476959228515625 -1.53241026401519775390625
276.826873779296875 387.970458984375 734.9476318359375 346.859466552734375 -1.71480453014373779296875
432.027130126953125 166.1468658447265625 160.8624267578125 63.06748199462890625 0.892625033855438232421875
277.723876953125 362.6923828125 640.31982421875 358.5906982421875 -1.70917499065399169921875
294.70037841796875 228.2692108154296875 251.4399871826171875 338.2921142578125 -1.43710458278656005859375
275.09100341796875 391.28265380859375 749.40826416015625 349.423919677734375 -1.6298105716705322265625
317.4840087890625 350.878662109375 600.8585205078125 233.777618408203125 -1.6994802951812744140625
356.71722412109375 316.571533203125 482.862548828125 174.6123199462890625 -1.76500785350799560546875
253.90631103515625 269.578887939453125 363.72015380859375 442.623687744140625 4.699181079864501953125
356.107879638671875 239.0241546630859375 279.664947509765625 174.3919830322265625 -1.61678802967071533203125
363.869476318359375 340.8555908203125 577.2132568359375 111.06072998046875 -1.80375969409942626953125
326.71343994140625 239.8590087890625 277.261138916015625 262.618865966796875 -1.42104244232177734375
283.36553955078125 254.4884796142578125 319.570037841796875 368.9014892578125 -1.69246768951416015625
326.30645751953125 171.460479736328125 98.32733917236328125 253.369049072265625 -1.5262310504913330078125
346.45404052734375 344.178741455078125 587.0406494140625 160.229736328125 -1.788589954376220703125
360.59716796875 318.928985595703125 489.3388671875 163.067108154296875 -1.692800045013427734375
367.3436279296875 347.753753662109375 600.46044921875 96.0907440185546875 -1.865851879119873046875
350.225341796875 163.6260223388671875 76.90509796142578125 176.46978759765625 -1.537864208221435546875
321.405303955078125 343.634552001953125 570.11236572265625 247.493408203125 -1.6251068115234375
317.61529541015625 220.274993896484375 229.3161163330078125 285.1971435546875 4.7324695587158203125
337.17230224609375 332.364959716796875 552.3011474609375 192.5541534423828125 -1.74255549907684326171875
292.508392333984375 214.4563140869140625 213.9909515380859375 342.98358154296875 -1.5435016155242919921875
292.508392333984375 214.4563140869140625 213.9909515380859375 342.98358154296875 -1.48267734050750732421875
352.829864501953125 317.2349853515625 486.024169921875 186.0976104736328125 -1.67767429351806640625
356.328582763671875 266.928253173828125 355.3292236328125 168.0271148681640625 -1.61077594757080078125
356.328582763671875 266.928253173828125 355.3292236328125 168.0271148681640625 -1.74086105823516845703125
316.251556396484375 200.1811676025390625 176.4447479248046875 284.808319091796875 -1.58020699024200439453125
307.250885009765625 244.062042236328125 290.726104736328125 311.19390869140625 -1.511913299560546875
270.050018310546875 278.052032470703125 382.282806396484375 403.583526611328125 -1.53947436809539794921875
257.4658203125 219.6534576416015625 228.1396942138671875 431.3541259765625 -1.557633876800537109375
257.4658203125 219.6534576416015625 228.1396942138671875 431.3541259765625 -1.51362407207489013671875
307.10943603515625 208.3566436767578125 198.258148193359375 307.39581298828125 -1.47075974941253662109375
340.657012939453125 160.859283447265625 67.09765625 206.5583038330078125 4.793081760406494140625
340.657012939453125 160.859283447265625 67.09765625 206.5583038330078125 4.802866458892822265625
332.984710693359375 222.9452056884765625 237.3214569091796875 240.9770965576171875 -1.47655260562896728515625
428.94940185546875 285.330963134765625 305.762847900390625 170.17718505859375 -2.575933933258056640625
326.69293212890625 382.112884521484375 707.8572998046875 205.36572265625 4.529727935791015625
282.629608154296875 228.3896484375 252.0851898193359375 368.376800537109375 4.750628948211669921875
473.88409423828125 241.44158935546875 155.0221099853515625 218.4547119140625 -0.87091171741485595703125
282.28619384765625 245.2178192138671875 295.7603759765625 370.915374755859375 4.6924991607666015625
282.28619384765625 245.2178192138671875 295.7603759765625 370.915374755859375 -1.583762645721435546875
263.1715087890625 230.5570831298828125 258.23968505859375 416.443267822265625 -1.47154748439788818359375
275.436798095703125 227.0842437744140625 248.42431640625 385.9490966796875 -1.44162881374359130859375
344.46417236328125 268.72247314453125 355.150146484375 210.198638916015625 -1.58790290355682373046875
292.76904296875 175.4473724365234375 107.94495391845703125 336.945098876953125 -1.49472808837890625
292.76904296875 175.4473724365234375 107.94495391845703125 336.945098876953125 -1.39478051662445068359375
316.8201904296875 233.7316131591796875 264.67694091796875 289.6278076171875 4.673085689544677734375
246.5013275146484375 227.05242919921875 249.39434814453125 459.706634521484375 -1.6396338939666748046875
266.278839111328125 271.66082763671875 365.16143798828125 412.68634033203125 -1.6225955486297607421875
283.83087158203125 215.3903350830078125 216.8847808837890625 364.504547119140625 -1.62633311748504638671875
283.83087158203125 215.3903350830078125 216.8847808837890625 364.504547119140625 -1.44040548801422119140625
279.082550048828125 171.6656951904296875 95.5820159912109375 371.405426025390625 -1.4778072834014892578125
287.741790771484375 353.710693359375 641.4139404296875 387.463958740234375 -4.434207439422607421875
269.62744140625 218.392059326171875 225.4005584716796875 399.67279052734375 -1.65738236904144287109375
226.8704986572265625 375.63348388671875 692.21844482421875 500.594329833984375 -1.723392009735107421875
298.307373046875 240.5865936279296875 281.458251953125 332.50616455078125 -1.56402051448822021484375
275.5308837890625 225.2327117919921875 246.0487060546875 383.865570068359375 -1.46274554729461669921875
275.5308837890625 225.2327117919921875 246.0487060546875 383.865570068359375 -1.477019786834716796875
233.41448974609375 234.7967987060546875 271.2349853515625 494.09027099609375 -1.646090030670166015625
299.604400634765625 217.86083984375 223.0481719970703125 325.938934326171875 -1.52847206592559814453125
292.142120361328125 167.227508544921875 85.731719970703125 337.70343017578125 4.782100677490234375
364.115478515625 263.283935546875 340.471832275390625 155.127899169921875 -1.5815393924713134765625
398.274078369140625 214.192840576171875 215.519989013671875 33.3307952880859375 4.541177272796630859375
248.1737823486328125 183.3812255859375 125.80204010009765625 453.078125 -1.4260532855987548828125
248.1737823486328125 183.3812255859375 125.80204010009765625 453.078125 -1.8133962154388427734375
238.74700927734375 219.232666015625 227.96038818359375 479.37933349609375 -1.58710575103759765625
274.562652587890625 173.20819091796875 99.25 383.189208984375 4.7660064697265625
175.2120819091796875 143.989471435546875 713.63311767578125 239.41650390625 -4.796591281890869140625
228.8629608154296875 283.565093994140625 403.8004150390625 508.677581787109375 -1.57690560817718505859375
360.280914306640625 210.3799285888671875 203.850921630859375 155.119232177734375 4.799731731414794921875
358.72650146484375 254.245941162109375 320.940032958984375 168.8872222900390625 4.746087551116943359375
166.487457275390625 148.52325439453125 393.665985107421875 53.390811920166015625 -0.20607860386371612548828125
328.6611328125 190.0855560302734375 149.8526763916015625 248.49774169921875 -1.44276273250579833984375
328.6611328125 190.0855560302734375 149.8526763916015625 248.49774169921875 -1.71660578250885009765625
583.09417724609375 67.132568359375 273.8671875 280.94085693359375 -0.098151870071887969970703125
236.606658935546875 225.79150390625 246.046844482421875 485.429046630859375 -1.58230113983154296875
371.8172607421875 327.566741943359375 335.385772705078125 63.64269256591796875 -0.046894006431102752685546875
568.88287353515625 63.280406951904296875 273.8671875 280.94085693359375 -0.0606391131877899169921875
514.70941162109375 49.891689300537109375 273.8671875 280.94085693359375 -0.1620080769062042236328125
322.559051513671875 379.0830078125 695.72125244140625 221.3013916015625 -1.6498725414276123046875
269.618621826171875 267.304656982421875 354.67572021484375 403.20281982421875 4.861993312835693359375
348.575927734375 121.1047210693359375 633.27581787109375 50.716754913330078125 3.408152103424072265625
527.3953857421875 53.19759368896484375 273.8671875 280.94085693359375 -0.1855088770389556884765625
276.536773681640625 359.35479736328125 629.35943603515625 356.9757080078125 -1.76531660556793212890625
256.96051025390625 256.594757080078125 329.0155029296875 434.351776123046875 4.722630023956298828125
46.382366180419921875 572.11968994140625 747.99505615234375 120.8521881103515625 -2.8496515750885009765625
638.0242919921875 80.57979583740234375 273.8671875 280.94085693359375 -0.1912021934986114501953125
496.232421875 45.523693084716796875 273.8671875 280.94085693359375 -0.15603406727313995361328125
349.45391845703125 247.865966796875 302.852813720703125 195.4824371337890625 -1.46745312213897705078125
233.8818359375 330.403961181640625 529.2210693359375 492.016815185546875 4.55042266845703125
227.052337646484375 223.3783111572265625 237.893463134765625 509.666839599609375 -1.53862106800079345703125
371.77069091796875 178.8525543212890625 117.2140655517578125 112.72400665283203125 4.80843448638916015625
373.55133056640625 189.8643646240234375 146.9470977783203125 108.1860504150390625 -1.43813788890838623046875
224.1966705322265625 228.1999969482421875 253.5654449462890625 518.2919921875 4.673679828643798828125
224.1966705322265625 228.1999969482421875 253.5654449462890625 518.2919921875 -1.63074576854705810546875
346.5989990234375 200.848907470703125 179.065338134765625 196.1823883056640625 4.898797512054443359375
346.5989990234375 200.848907470703125 179.065338134765625 196.1823883056640625 -1.49869787693023681640625
234.405059814453125 272.157470703125 372.414581298828125 493.792236328125 4.652509212493896484375
263.14508056640625 181.58685302734375 122.920928955078125 412.62939453125 -1.61140978336334228515625
335.50982666015625 219.6115875244140625 227.9895477294921875 232.7288055419921875 -1.50797069072723388671875
543.14013671875 248.731964111328125 622.49542236328125 240.0380096435546875 -1.37334454059600830078125
279.082550048828125 171.6656951904296875 162.1013336181640625 430.42742919921875 -1.611042499542236328125
248.977508544921875 259.366729736328125 332.79437255859375 451.971099853515625 4.6442584991455078125
214.98919677734375 297.845489501953125 444.95635986328125 547.72576904296875 -1.59881651401519775390625
218.4961700439453125 245.339508056640625 301.4627685546875 534.36077880859375 4.813182830810546875
294.802978515625 170.2382049560546875 92.1431884765625 331.789093017578125 -1.33924376964569091796875
221.6655120849609375 293.501953125 431.2218017578125 527.37042236328125 4.613804340362548828125
244.6022186279296875 186.1870269775390625 134.2725677490234375 461.676910400390625 -1.5834367275238037109375
212.1601104736328125 353.16448974609375 610.898193359375 548.41961669921875 -1.58943259716033935546875
603.6231689453125 241.3890228271484375 520.1689453125 346.56610107421875 -1.5589373111724853515625
374.579437255859375 166.134918212890625 80.59798431396484375 98.93482208251953125 -1.52297818660736083984375
357.872528076171875 151.7721099853515625 40.706089019775390625 150.1313018798828125 -1.58560240268707275390625
357.872528076171875 151.7721099853515625 40.706089019775390625 150.1313018798828125 -1.67197239398956298828125
589.557373046875 229.4167633056640625 520.1689453125 346.56610107421875 -1.0477466583251953125
608.95294189453125 260.666748046875 569.0684814453125 169.3443603515625 -3.4876596927642822265625
233.4911956787109375 238.5723114013671875 282.00860595703125 494.943359375 -1.63156664371490478515625
237.82818603515625 297.649444580078125 438.5361328125 486.575042724609375 4.761588573455810546875
237.82818603515625 297.649444580078125 438.5361328125 486.575042724609375 -1.63598167896270751953125
334.225738525390625 206.9124298095703125 194.5851593017578125 235.452728271484375 -1.585712909698486328125
345.791229248046875 226.1324920654296875 243.9000701904296875 202.150726318359375 -1.59847128391265869140625
355.034698486328125 313.475433349609375 473.913726806640625 181.7452545166015625 -1.61403357982635498046875
256.982666015625 277.9637451171875 383.938323974609375 435.386505126953125 -1.6184253692626953125
267.729278564453125 227.63568115234375 249.939544677734375 404.950408935546875 -1.49840366840362548828125
230.20513916015625 226.1319427490234375 247.422943115234375 503.41241455078125 -1.55809462070465087890625
290.461090087890625 277.874176025390625 377.971466064453125 352.304718017578125 4.655230045318603515625
209.5162506103515625 297.243560791015625 444.29437255859375 561.0855712890625 -1.5166313648223876953125
97.63034820556640625 240.9876556396484375 53.228179931640625 272.961761474609375 -0.3534187972545623779296875
239.1178436279296875 231.5503387451171875 262.84912109375 478.67974853515625 -1.36211740970611572265625
223.495147705078125 223.15899658203125 238.2115325927734375 520.818359375 -1.4869477748870849609375
220.3928375244140625 288.97235107421875 387.289703369140625 471.359527587890625 -1.13516223430633544921875
291.870513916015625 269.29736328125 355.881439208984375 349.30511474609375 4.636211395263671875
397.831451416015625 189.1889495849609375 144.4809112548828125 28.0805492401123046875 -1.55668795108795166015625
243.593231201171875 283.4244384765625 399.91064453125 474.133758544921875 -1.831731319427490234375
113.8235321044921875 249.152984619140625 53.228179931640625 272.961761474609375 -0.442662894725799560546875
301.265838623046875 170.1311492919921875 91.3369903564453125 316.62530517578125 -1.50876653194427490234375
216.04547119140625 286.93011474609375 414.34967041015625 542.33941650390625 4.657344818115234375
368.807830810546875 368.63604736328125 747.99505615234375 120.8521881103515625 1.26402676105499267578125
357.9716796875 217.243682861328125 222.2624359130859375 164.256988525390625 -1.64989292621612548828125
305.707366943359375 152.916412353515625 46.499607086181640625 304.247100830078125 4.6900920867919921875
385.997100830078125 242.5814208984375 291.698760986328125 79.64655303955078125 -1.5665895938873291015625
216.888397216796875 355.096832275390625 618.43017578125 532.8480224609375 -1.77491104602813720703125
275.18560791015625 261.244476318359375 337.954315185546875 389.545745849609375 -1.582892894744873046875
118.20050811767578125 348.984283447265625 179.367095947265625 466.026123046875 0.87430512905120849609375
118.20050811767578125 348.984283447265625 179.367095947265625 466.026123046875 0.816686809062957763671875
253.8116912841796875 280.5665283203125 392.024078369140625 443.54205322265625 -1.62907695770263671875
270.53759765625 223.0591583251953125 237.7019195556640625 397.69091796875 -1.58769702911376953125
209.670654296875 284.413543701171875 410.24188232421875 560.90625 -1.6016380786895751953125
333.1680908203125 158.57855224609375 61.925518035888671875 229.292572021484375 -1.68542563915252685546875
262.208221435546875 259.010650634765625 333.47857666015625 421.445892333984375 -1.51988494396209716796875
243.659576416015625 181.90179443359375 117.4806671142578125 459.124053955078125 -1.4089767932891845703125
362.58685302734375 180.2384796142578125 120.78089141845703125 142.3263092041015625 -1.6362056732177734375
737.6441650390625 392.118927001953125 53.228179931640625 272.961761474609375 -1.71666717529296875
368.98504638671875 232.693450927734375 264.462646484375 132.96685791015625 -1.5647068023681640625
368.98504638671875 232.693450927734375 264.462646484375 132.96685791015625 -1.6633923053741455078125
231.9946136474609375 261.597137451171875 343.5213623046875 498.42413330078125 4.674602985382080078125
268.4058837890625 282.11224365234375 392.596710205078125 408.655670166015625 -1.69507157802581787109375
