174.55462646484375 50.964626312255859375 454.41876220703125 12.2918109893798828125 0.51946318149566650390625
1312.67724609375 758.9166259765625 1195.664306640625 803.091796875 -0.102961003780364990234375
1284.2730712890625 752.00482177734375 1209.8563232421875 792.02325439453125 -0.015198127366602420806884765625
717.1265869140625 737.5150146484375 763.01812744140625 785.70050048828125 -0.0366171337664127349853515625
289.897430419921875 467.311248779296875 290.952392578125 484.63726806640625 0.0564616806805133819580078125
539.06634521484375 167.4518890380859375 543.147216796875 175.1655120849609375 0.120359428226947784423828125
994.29766845703125 554.05352783203125 1020.21173095703125 593.73760986328125 -0.195743143558502197265625
929.99761962890625 377.60650634765625 964.6663818359375 420.73443603515625 0.09934122860431671142578125
409.74285888671875 794.376220703125 483.775634765625 855.92474365234375 0.104596711695194244384765625
409.74285888671875 794.376220703125 483.775634765625 855.92474365234375 -0.15063931047916412353515625
517.10504150390625 206.4813385009765625 510.784454345703125 216.74920654296875 0.13095535337924957275390625
553.67901611328125 245.175445556640625 563.1910400390625 166.748046875 0.1269150674343109130859375
554.83770751953125 215.6448822021484375 563.1910400390625 166.748046875 0.15496934950351715087890625
366.010955810546875 92.1334991455078125 476.784454345703125 62.604167938232421875 -0.005089833401143550872802734375
486.46240234375 391.1236572265625 554.814208984375 404.741180419921875 -0.0568419806659221649169921875
486.46240234375 391.1236572265625 554.814208984375 404.741180419921875 0.049266345798969268798828125
557.64739990234375 157.349822998046875 563.1910400390625 166.748046875 0.077611707150936126708984375
579.23883056640625 173.3162689208984375 604.778076171875 178.6117401123046875 0.2001663744449615478515625
123.80419921875 10.44240093231201171875 1156.3101806640625 750.82501220703125 -3.2981088161468505859375
589.54693603515625 235.419464111328125 606.33050537109375 249.1662445068359375 0.1836755573749542236328125
270.46697998046875 30.1863079071044921875 440.436248779296875 16.512233734130859375 0.707845270633697509765625
170.0115203857421875 468.5128173828125 146.4379730224609375 482.125701904296875 0.02003762312233448028564453125
554.1492919921875 186.63818359375 558.8115234375 227.705596923828125 0.050323627889156341552734375
341.9329833984375 451.059814453125 384.2010498046875 464.624481201171875 0.0101559646427631378173828125
193.8517913818359375 407.16851806640625 174.43194580078125 413.57440185546875 0.1928762495517730712890625
193.8517913818359375 407.16851806640625 174.43194580078125 413.57440185546875 0.0119794309139251708984375
893.1846923828125 527.342529296875 904.04583740234375 565.4661865234375 0.25956821441650390625
893.5345458984375 574.24212646484375 907.03826904296875 613.37506103515625 -0.0320127941668033599853515625
727.34210205078125 483.4300537109375 767.95172119140625 514.38128662109375 0.0083673857152462005615234375
727.34210205078125 483.4300537109375 767.95172119140625 514.38128662109375 0.074128560721874237060546875
1076.0865478515625 556.571533203125 751.3232421875 347.08953857421875 0.1797575056552886962890625
628.74566650390625 725.224609375 666.7198486328125 772.29803466796875 -0.050469033420085906982421875
558.968505859375 149.7031097412109375 565.02349853515625 158.9730682373046875 0.068842180073261260986328125
573.656982421875 553.23040771484375 629.6658935546875 581.90948486328125 0.011386611498892307281494140625
272.677276611328125 473.5836181640625 268.026153564453125 491.476959228515625 0.078694276511669158935546875
540.3636474609375 153.085418701171875 544.48553466796875 160.4757232666015625 0.1323319375514984130859375
540.3636474609375 153.085418701171875 544.48553466796875 160.4757232666015625 0.14022634923458099365234375
590.95721435546875 222.4238128662109375 607.8441162109375 235.9840850830078125 0.027912057936191558837890625
590.95721435546875 222.4238128662109375 607.8441162109375 235.9840850830078125 0.056771934032440185546875
588.7794189453125 252.3630828857421875 605.34967041015625 267.034576416015625 0.0996440351009368896484375
162.278564453125 53.573047637939453125 155.5050048828125 193.3289031982421875 -0.71371972560882568359375
276.00421142578125 453.5604248046875 271.6102294921875 468.949127197265625 -0.0376794673502445220947265625
1065.98681640625 228.784942626953125 153.93768310546875 283.097930908203125 0.056519202888011932373046875
565.14971923828125 452.580718994140625 626.64910888671875 474.254669189453125 0.065046109259128570556640625
604.327392578125 446.7513427734375 661.061279296875 470.4073486328125 -6.03987789154052734375
1257.634033203125 729.58868408203125 1182.5548095703125 770.34814453125 0.009158611297607421875
1257.634033203125 729.58868408203125 1182.5548095703125 770.34814453125 -0.104147709906101226806640625
358.207275390625 793.94342041015625 409.628814697265625 856.5015869140625 0.02727183513343334197998046875
576.41961669921875 440.566070556640625 636.16168212890625 462.915985107421875 0.0439538769423961639404296875
679.947509765625 428.18707275390625 726.8984375 454.459747314453125 0.0654056370258331298828125
373.201873779296875 444.149810791015625 419.614715576171875 458.272674560546875 0.14782328903675079345703125
373.201873779296875 444.149810791015625 419.614715576171875 458.272674560546875 -0.053160957992076873779296875
297.213958740234375 92.75986480712890625 405.6719970703125 86.01531219482421875 0.4758424460887908935546875
494.48931884765625 204.9513092041015625 482.106842041015625 214.15789794921875 0.088391385972499847412109375
579.81707763671875 440.50042724609375 639.03814697265625 463.02301025390625 0.103090703487396240234375
639.95428466796875 735.2880859375 682.3123779296875 783.7315673828125 -0.076765350997447967529296875
334.936248779296875 533.10400390625 359.288330078125 575.372802734375 0.094613589346408843994140625
78.5391845703125 294.473419189453125 409.310699462890625 115.50460052490234375 1.01767480373382568359375
553.1199951171875 268.23468017578125 560.4700927734375 251.51947021484375 0.14659635722637176513671875
724.3846435546875 456.965087890625 765.47113037109375 486.2481689453125 -0.069285869598388671875
670.89892578125 495.49334716796875 715.378173828125 524.95904541015625 0.03013260103762149810791015625
288.6927490234375 492.813079833984375 285.032867431640625 513.43597412109375 0.0757893025875091552734375
839.1856689453125 715.70086669921875 907.0970458984375 749.92779541015625 -0.1474331319332122802734375
326.56878662109375 327.796661376953125 346.0338134765625 329.8861083984375 0.1476528346538543701171875
423.8271484375 232.0771484375 391.158416748046875 239.8921966552734375 0.08516283333301544189453125
594.07421875 104.89267730712890625 610.90264892578125 110.316070556640625 -0.0747565329074859619140625
607.21868896484375 328.556640625 659.839111328125 344.699310302734375 0.16655142605304718017578125
1276.6806640625 728.9219970703125 1201.861572265625 769.40264892578125 -0.049804307520389556884765625
1276.6806640625 728.9219970703125 1201.861572265625 769.40264892578125 0.051660530269145965576171875
1013.9195556640625 546.53399658203125 560.2987060546875 262.29400634765625 3.4341289997100830078125
580.407958984375 180.1533660888671875 604.8197021484375 186.8137969970703125 0.0610018335282802581787109375
889.70684814453125 595.91766357421875 902.08905029296875 634.2857666015625 -0.14896498620510101318359375
510.661163330078125 169.911163330078125 504.095489501953125 177.8173370361328125 0.096455432474613189697265625
510.661163330078125 169.911163330078125 504.095489501953125 177.8173370361328125 0.118504814803600311279296875
357.7791748046875 817.7977294921875 409.488067626953125 882.2803955078125 -6.22059154510498046875
598.10675048828125 455.592742919921875 655.5318603515625 480.408111572265625 0.001123321359045803546905517578125
496.995941162109375 203.2081298828125 485.298065185546875 212.5201568603515625 0.15433816611766815185546875
1271.4844970703125 728.96875 1197.0135498046875 769.4560546875 0.001830656896345317363739013671875
1271.4844970703125 728.96875 1197.0135498046875 769.4560546875 -0.02616289444267749786376953125
400.702606201171875 57.086002349853515625 520.60870361328125 26.8202342987060546875 0.054540477693080902099609375
723.7081298828125 493.133941650390625 764.64093017578125 524.427978515625 0.0481361038982868194580078125
723.7081298828125 493.133941650390625 764.64093017578125 524.427978515625 0.049931071698665618896484375
723.7081298828125 493.133941650390625 764.64093017578125 524.427978515625 0.13164484500885009765625
544.6182861328125 158.6640777587890625 549.70068359375 166.8180084228515625 -0.011926434934139251708984375
528.25 422.97259521484375 593.0670166015625 441.511688232421875 0.1293987333774566650390625
364.629241943359375 805.02642822265625 418.1529541015625 868.17864990234375 0.0729642212390899658203125
418.212921142578125 802.0015869140625 494.583465576171875 863.98406982421875 0.041610293090343475341796875
418.212921142578125 802.0015869140625 494.583465576171875 863.98406982421875 -0.036737240850925445556640625
645.92413330078125 444.9925537109375 697.46942138671875 470.772369384765625 0.0332306586205959320068359375
583.0572509765625 8.256999969482421875 614.3060302734375 10.27196502685546875 0.0496586300432682037353515625
78.5391845703125 294.473419189453125 534.94464111328125 51.21715545654296875 1.00331056118011474609375
512.8863525390625 440.555084228515625 579.24981689453125 458.91455078125 0.1216414868831634521484375
549.7333984375 162.0474395751953125 555.5611572265625 170.7314910888671875 -0.0357840955257415771484375
552.77459716796875 252.536529541015625 564.48455810546875 171.8989410400390625 0.20198319852352142333984375
415.185211181640625 247.922576904296875 379.239013671875 256.59405517578125 0.15308861434459686279296875
785.418701171875 813.6395263671875 852.698974609375 853.58551025390625 -0.069015286862850189208984375
1283.365966796875 547.45501708984375 1060.9666748046875 357.08624267578125 4.348472118377685546875
119.028778076171875 71.7037811279296875 1328.0433349609375 705.6385498046875 -3.83890628814697265625
347.779876708984375 86.97840118408203125 1098.993896484375 22.7883396148681640625 -2.24536228179931640625
1236.5382080078125 405.55377197265625 1345.39794921875 309.95941162109375 2.6641538143157958984375
542.943359375 200.0146026611328125 549.4490966796875 181.99114990234375 0.014626081101596355438232421875
182.528076171875 488.8076171875 155.6193389892578125 507.673583984375 0.0727431774139404296875
495.148040771484375 416.629302978515625 562.77288818359375 432.7650146484375 0.12605167925357818603515625
945.8267822265625 289.94744873046875 526.662109375 54.706020355224609375 3.52801227569580078125
105.05823516845703125 19.459926605224609375 456.32354736328125 50.434417724609375 -2.5668122768402099609375
176.4453887939453125 492.883636474609375 155.6193389892578125 507.673583984375 0.00825047306716442108154296875
571.4752197265625 260.596893310546875 583.96575927734375 211.9736480712890625 0.05855758488178253173828125
422.979705810546875 840.18475341796875 485.109954833984375 902.39959716796875 -0.080359287559986114501953125
582.96392822265625 418.644805908203125 642.14483642578125 439.585540771484375 0.054098390042781829833984375
582.96392822265625 418.644805908203125 642.14483642578125 439.585540771484375 -0.10730914771556854248046875
553.815673828125 222.921478271484375 564.48455810546875 171.8989410400390625 0.20816065371036529541015625
577.6839599609375 433.3455810546875 637.6697998046875 455.116424560546875 -0.0049923621118068695068359375
577.6839599609375 433.3455810546875 637.6697998046875 455.116424560546875 0.097636282444000244140625
601.0057373046875 459.5203857421875 658.2021484375 484.74853515625 -0.01949913240969181060791015625
1219.431396484375 365.762054443359375 488.371368408203125 74.556976318359375 0.2173171341419219970703125
1191.0460205078125 732.7274169921875 1113.792724609375 774.00726318359375 -0.09144230186939239501953125
1092.8936767578125 755.07952880859375 1099.9676513671875 790.897705078125 -0.0475028045475482940673828125
368.38916015625 784.36505126953125 421.80792236328125 845.397705078125 -0.0573431812226772308349609375
545.34722900390625 167.1184234619140625 550.4224853515625 175.5616455078125 0.02684812434017658233642578125
1232.0252685546875 379.015838623046875 1135.9986572265625 284.18121337890625 -0.066646672785282135009765625
652.896728515625 445.916595458984375 703.3443603515625 472.04095458984375 0.08230818808078765869140625
252.43365478515625 342.57611083984375 239.425140380859375 344.552398681640625 0.069215558469295501708984375
1232.6884765625 470.569610595703125 1136.6226806640625 502.648651123046875 0.0658642351627349853515625
465.273406982421875 795.06573486328125 539.407470703125 854.63446044921875 -0.05352421104907989501953125
255.6355743408203125 344.12164306640625 241.610931396484375 346.4962158203125 0.099344961345195770263671875
582.02880859375 446.718017578125 641.22747802734375 469.558013916015625 -0.10812647640705108642578125
582.02880859375 446.718017578125 641.22747802734375 469.558013916015625 0.18239963054656982421875
498.009796142578125 86.5462799072265625 505.321502685546875 86.16070556640625 0.0485888384282588958740234375
604.756103515625 112.983978271484375 634.63421630859375 120.77597808837890625 0.0400803051888942718505859375
604.756103515625 112.983978271484375 634.63421630859375 120.77597808837890625 0.0551359541714191436767578125
577.30474853515625 163.24334716796875 603.04681396484375 167.117095947265625 0.12200020253658294677734375
595.7552490234375 201.4504852294921875 616.47052001953125 215.6147613525390625 0.073171414434909820556640625
378.13873291015625 794.778076171875 440.746368408203125 856.921142578125 -0.0405546166002750396728515625
87.6731414794921875 299.89935302734375 191.742645263671875 772.74871826171875 -3.482845783233642578125
622.11444091796875 732.7840576171875 659.06396484375 781.35369873046875 -0.0183478482067584991455078125
677.56646728515625 273.411834716796875 684.62701416015625 296.27496337890625 0.16888915002346038818359375
551.79437255859375 433.286041259765625 614.1103515625 454.08544921875 0.072227589786052703857421875
1154.7626953125 366.154144287109375 504.98834228515625 66.49138641357421875 -2.5428917407989501953125
541.71356201171875 252.95782470703125 550.4224853515625 175.5616455078125 0.0545894801616668701171875
385.4786376953125 452.615997314453125 438.02496337890625 469.235321044921875 0.02527180127799510955810546875
535.2125244140625 274.79833984375 215.8624725341796875 332.5731201171875 -0.0384794808924198150634765625
481.185089111328125 186.632110595703125 221.817230224609375 226.5421295166015625 0.886213779449462890625
481.185089111328125 186.632110595703125 221.817230224609375 226.5421295166015625 0.87437570095062255859375
1233.5128173828125 487.143402099609375 1136.6226806640625 502.648651123046875 -0.014099307358264923095703125
809.0576171875 666.402099609375 838.24462890625 707.4365234375 -0.2034801542758941650390625
586.8704833984375 446.610504150390625 645.531005859375 470.317840576171875 0.015117700211703777313232421875
562.7080078125 255.9257354736328125 572.44952392578125 238.46234130859375 0.13788889348506927490234375
678.6580810546875 398.038177490234375 725.3543701171875 422.678863525390625 0.074336282908916473388671875
590.17327880859375 243.6160888671875 606.94012451171875 257.851409912109375 0.072758890688419342041015625
414.804351806640625 243.4339752197265625 378.8743896484375 251.9212646484375 0.07845033705234527587890625
539.78155517578125 259.063323974609375 549.4490966796875 181.99114990234375 0.0241500772535800933837890625
877.9326171875 594.79486083984375 894.33502197265625 634.45831298828125 -0.149411857128143310546875
621.46942138671875 456.800506591796875 676.13055419921875 482.221832275390625 0.050779290497303009033203125
384.027679443359375 560.66497802734375 438.23406982421875 590.159912109375 -0.001406149123795330524444580078125
476.52374267578125 524.09521484375 546.10736083984375 550.4478759765625 0.01875131763517856597900390625
509.198486328125 266.677703857421875 590.8153076171875 278.540435791015625 0.06899344921112060546875
732.3785400390625 630.267333984375 773.79791259765625 669.94488525390625 0.022993199527263641357421875
1341.5863037109375 638.0262451171875 1241.4931640625 663.76751708984375 -0.03060078434646129608154296875
1341.5863037109375 638.0262451171875 1241.4931640625 663.76751708984375 -0.104443855583667755126953125
384.34649658203125 550.57769775390625 438.33270263671875 578.36798095703125 0.02579111792147159576416015625
143.54931640625 749.038330078125 186.75848388671875 808.80474853515625 0.042692601680755615234375
558.20654296875 162.2825775146484375 564.48455810546875 171.8989410400390625 0.14237098395824432373046875
143.58502197265625 749.45977783203125 186.75848388671875 808.80474853515625 -0.23224522173404693603515625
143.58502197265625 749.45977783203125 186.75848388671875 808.80474853515625 -0.19126929342746734619140625
551.9661865234375 279.57794189453125 559.04376220703125 264.677764892578125 0.01380263082683086395263671875
481.860107421875 606.2322998046875 550.96875 641.92718505859375 -0.0359526760876178741455078125
557.62127685546875 22.166088104248046875 581.9034423828125 23.44966888427734375 0.089936815202236175537109375
634.576904296875 752.76873779296875 672.313232421875 802.68829345703125 -0.02298893965780735015869140625
590.96917724609375 449.604278564453125 649.1656494140625 473.108428955078125 0.012974920682609081268310546875
382.012847900390625 243.313201904296875 336.978729248046875 250.419677734375 0.08598335087299346923828125
589.2928466796875 274.46002197265625 606.94012451171875 257.851409912109375 0.083310604095458984375
199.390289306640625 206.8544921875 379.34088134765625 231.9624786376953125 -0.7131474018096923828125
199.390289306640625 206.8544921875 379.34088134765625 231.9624786376953125 -0.720184266567230224609375
230.9145355224609375 333.089752197265625 215.8624725341796875 332.5731201171875 0.088216684758663177490234375
620.6322021484375 434.897705078125 675.3319091796875 459.94873046875 0.15115197002887725830078125
568.42620849609375 429.8443603515625 629.06109619140625 451.005645751953125 0.0678477585315704345703125
403.3177490234375 770.5086669921875 1166.6131591796875 728.191162109375 1.38400542736053466796875
497.373504638671875 422.861175537109375 564.62457275390625 439.5382080078125 0.142252743244171142578125
259.8828125 346.30645751953125 247.096435546875 349.42193603515625 0.0837271213531494140625
365.250335693359375 264.496246337890625 314.314697265625 272.64605712890625 0.11603020131587982177734375
289.767425537109375 595.99786376953125 283.51934814453125 629.5548095703125 -0.01039325259625911712646484375
639.00506591796875 183.96661376953125 649.83905029296875 199.2988433837890625 0.16031058132648468017578125
639.00506591796875 183.96661376953125 649.83905029296875 199.2988433837890625 0.142337977886199951171875
283.234283447265625 609.2431640625 274.558746337890625 651.96441650390625 0.04619252681732177734375
396.92840576171875 797.3828125 469.25830078125 859.59039306640625 -0.01875238306820392608642578125
396.096099853515625 797.65093994140625 469.25830078125 859.59039306640625 -0.079113461077213287353515625
791.1341552734375 296.618072509765625 782.9244384765625 326.909393310546875 0.176655471324920654296875
791.1341552734375 296.618072509765625 782.9244384765625 326.909393310546875 0.112149171531200408935546875
859.620849609375 385.93206787109375 685.0029296875 236.9593963623046875 0.1659330427646636962890625
843.744140625 625.26190185546875 874.46429443359375 657.99188232421875 -0.134541571140289306640625
633.8583984375 447.767608642578125 687.009765625 473.40692138671875 -0.14580540359020233154296875
749.90740966796875 711.215576171875 874.46429443359375 657.99188232421875 -0.157340347766876220703125
222.050994873046875 331.670379638671875 234.082855224609375 338.731597900390625 0.097371555864810943603515625
477.759307861328125 502.117828369140625 546.93408203125 526.1759033203125 -0.0332431755959987640380859375
477.759307861328125 502.117828369140625 546.93408203125 526.1759033203125 -0.051524974405765533447265625
370.7135009765625 439.4495849609375 414.8846435546875 453.5689697265625 0.110303342342376708984375
555.7119140625 172.4922943115234375 560.025146484375 213.0203094482421875 -0.0569303929805755615234375
526.2373046875 191.65777587890625 523.17498779296875 200.221343994140625 0.08584593236446380615234375
799.08502197265625 666.44293212890625 874.46429443359375 657.99188232421875 -0.1672952473163604736328125
826.2353515625 641.34136962890625 874.46429443359375 657.99188232421875 -0.124844469130039215087890625
657.08135986328125 190.8416900634765625 666.59112548828125 208.9683074951171875 0.13850460946559906005859375
657.08135986328125 190.8416900634765625 666.59112548828125 208.9683074951171875 0.1100697815418243408203125
771.29876708984375 692.74761962890625 854.66168212890625 682.36199951171875 -0.1483537852764129638671875
489.453125 831.58929443359375 561.4691162109375 895.31878662109375 -0.01183082722127437591552734375
370.68536376953125 441.089141845703125 414.6058349609375 455.82928466796875 0.119818009436130523681640625
613.93328857421875 324.19720458984375 667.93328857421875 340.532257080078125 0.121471039950847625732421875
273.549163818359375 609.04052734375 266.660003662109375 644.5318603515625 0.00256409146822988986968994140625
552.29266357421875 260.61395263671875 558.993408203125 243.5366668701171875 0.09794573485851287841796875
482.78399658203125 13.2739410400390625 992.3497314453125 375.4603271484375 2.842888355255126953125
587.24267578125 224.329010009765625 292.4580078125 832.45672607421875 -1.09493923187255859375
366.963592529296875 257.935150146484375 316.3785400390625 265.77593994140625 0.229224145412445068359375
853.11846923828125 718.90631103515625 955.951416015625 715.24615478515625 -0.21646972000598907470703125
973.45782470703125 591.0048828125 998.7752685546875 648.6549072265625 -0.16011376678943634033203125
611.10650634765625 720.37554931640625 644.47113037109375 768.4761962890625 0.0502469241619110107421875
450.27423095703125 499.255218505859375 521.40716552734375 521.99969482421875 0.0116987340152263641357421875
140.7607421875 739.36114501953125 181.51580810546875 797.12353515625 -0.1148408353328704833984375
726.79827880859375 501.1240234375 767.65484619140625 533.184814453125 -0.07447476685047149658203125
726.79827880859375 501.1240234375 767.65484619140625 533.184814453125 0.092701710760593414306640625
618.35675048828125 444.69976806640625 673.19598388671875 469.4921875 0.0427330844104290008544921875
701.0435791015625 627.91253662109375 747.48895263671875 667.86346435546875 0.0619493909180164337158203125
577.85595703125 240.359222412109375 590.7818603515625 254.0584259033203125 0.088500566780567169189453125
640.77850341796875 450.709075927734375 692.95550537109375 476.987091064453125 -0.0902273654937744140625
270.33831787109375 485.10009765625 263.789764404296875 506.376068115234375 0.008440888486802577972412109375
648.08795166015625 739.272216796875 691.33514404296875 788.5115966796875 0.065563298761844635009765625
827.92803955078125 641.2952880859375 876.15069580078125 658.0697021484375 -0.15199406445026397705078125
328.680389404296875 256.38519287109375 275.162078857421875 261.5328369140625 0.120169810950756072998046875
522.04180908203125 425.328948974609375 587.068603515625 443.727813720703125 0.10564680397510528564453125
449.515777587890625 521.23321533203125 520.8438720703125 546.41314697265625 0.0632133185863494873046875
648.50396728515625 607.1212158203125 690.54998779296875 644.62548828125 -0.013263340108096599578857421875
648.50396728515625 607.1212158203125 690.54998779296875 644.62548828125 -0.124911844730377197265625
453.89825439453125 432.259307861328125 524.69384765625 447.92633056640625 0.0592271052300930023193359375
188.2687530517578125 241.0386810302734375 128.135223388671875 233.8207550048828125 0.120346121490001678466796875
213.6034698486328125 222.7072906494140625 155.244537353515625 215.4693145751953125 0.0371830575168132781982421875
367.038055419921875 434.030548095703125 412.224334716796875 447.790252685546875 0.0497238822281360626220703125
911.16864013671875 474.371612548828125 884.43365478515625 513.1522216796875 0.108326204121112823486328125
584.6790771484375 289.522674560546875 541.752685546875 256.927001953125 0.1856004893779754638671875
699.029052734375 251.8940277099609375 702.037841796875 274.968475341796875 0.165945827960968017578125
699.029052734375 251.8940277099609375 702.037841796875 274.968475341796875 0.18045206367969512939453125
712.1527099609375 321.060882568359375 750.85992431640625 342.386077880859375 0.04057405889034271240234375
560.06317138671875 282.12677001953125 524.185546875 248.58056640625 0.105942152440547943115234375
893.498046875 445.40582275390625 869.56927490234375 483.2864990234375 0.113546542823314666748046875
488.264617919921875 838.71856689453125 560.07843017578125 903.56085205078125 -0.08773757517337799072265625
429.625274658203125 537.91680908203125 502.001312255859375 564.844970703125 0.01813186518847942352294921875
339.7144775390625 993.494140625 1267.0599365234375 324.09576416015625 4.922838687896728515625
385.306365966796875 825.7294921875 452.991302490234375 891.50457763671875 -0.0229884050786495208740234375
418.7706298828125 173.3834686279296875 388.0333251953125 177.09405517578125 0.13432824611663818359375
725.36566162109375 289.840484619140625 725.03778076171875 315.798614501953125 0.1604426801204681396484375
725.36566162109375 289.840484619140625 725.03778076171875 315.798614501953125 0.2014004886150360107421875
768.999267578125 250.7957305908203125 762.46075439453125 278.817413330078125 0.02873284555971622467041015625
768.999267578125 250.7957305908203125 762.46075439453125 278.817413330078125 0.158950507640838623046875
380.86138916015625 799.17572021484375 444.959259033203125 862.1817626953125 0.02607554383575916290283203125
874.78729248046875 315.82574462890625 852.34619140625 351.467041015625 0.133065640926361083984375
673.87701416015625 526.37677001953125 716.6146240234375 558.812255859375 0.1528079211711883544921875
68.43399810791015625 50.124912261962890625 87.00536346435546875 69.0244140625 -0.37527906894683837890625
722.33782958984375 478.57000732421875 763.548828125 509.2152099609375 0.1014808118343353271484375
1093.2061767578125 793.70263671875 1099.5601806640625 784.46527099609375 -0.01547722704708576202392578125
482.046844482421875 491.5426025390625 550.412841796875 514.60516357421875 0.0302657596766948699951171875
1105.31103515625 817.16790771484375 266.910125732421875 300.933441162109375 1.6084744930267333984375
717.84197998046875 620.498046875 760.6844482421875 659.50872802734375 0.02025760151445865631103515625
1170.89599609375 274.937164306640625 1193.0010986328125 97.13759613037109375 -3.990982532501220703125
248.04351806640625 337.302490234375 234.082855224609375 338.731597900390625 0.064654089510440826416015625
382.644195556640625 570.109130859375 436.567108154296875 600.56219482421875 0.02005307190120220184326171875
616.8919677734375 449.143218994140625 671.960693359375 473.766021728515625 -0.0353486724197864532470703125
891.4449462890625 346.225616455078125 866.9525146484375 383.159637451171875 0.20061700046062469482421875
477.818359375 794.9798583984375 551.2408447265625 853.79443359375 -0.079801090061664581298828125
384.5987548828125 532.04296875 438.219451904296875 558.16253662109375 -0.00325065455399453639984130859375
653.44122314453125 681.8927001953125 696.025390625 685.68896484375 0.00252520921640098094940185546875
1288.0504150390625 470.522430419921875 1250.443115234375 517.17938232421875 -0.01550119556486606597900390625
448.779327392578125 530.996826171875 519.90533447265625 557.5009765625 0.065632008016109466552734375
1240.2552490234375 605.16546630859375 1146.1986083984375 648.986328125 -0.0331430397927761077880859375
274.104095458984375 627.13665771484375 266.986236572265625 665.0833740234375 0.100339926779270172119140625
546.01629638671875 431.093505859375 608.782958984375 451.0804443359375 0.072568476200103759765625
88.970001220703125 227.759368896484375 917.3896484375 778.0921630859375 1.56816732883453369140625
600.54425048828125 436.176025390625 657.68218994140625 459.219024658203125 0.083948157727718353271484375
1098.955078125 81.6998138427734375 1354.37451171875 516.16265869140625 3.283859729766845703125
373.6998291015625 757.48358154296875 427.01324462890625 813.7069091796875 -0.01434165425598621368408203125
806.82427978515625 849.87493896484375 879.64874267578125 904.30126953125 -0.02376019023358821868896484375
1221.606201171875 456.916229248046875 1129.574951171875 505.580047607421875 0.012914200313389301300048828125
187.6079864501953125 460.496002197265625 165.65252685546875 474.05914306640625 -0.0071918661706149578094482421875
633.40875244140625 455.980316162109375 686.43450927734375 481.749359130859375 -0.072073660790920257568359375
673.6519775390625 456.751312255859375 129.90155029296875 36.978168487548828125 1.4177420139312744140625
652.836669921875 719.950439453125 696.025390625 685.68896484375 0.00870773755013942718505859375
387.5816650390625 487.078125 442.147064208984375 506.93865966796875 0.0025688852183520793914794921875
725.9788818359375 234.3872222900390625 725.03778076171875 315.798614501953125 0.14987738430500030517578125
480.0091552734375 448.108795166015625 549.34332275390625 466.807464599609375 0.0553538016974925994873046875
640.16839599609375 740.52490234375 683.36474609375 789.49481201171875 -0.089695267379283905029296875
254.6549072265625 505.864410400390625 247.7334442138671875 530.8214111328125 -0.0284990184009075164794921875
34.7384796142578125 462.458831787109375 84.158721923828125 484.5391845703125 -0.004561462439596652984619140625
298.96099853515625 773.30584716796875 292.4580078125 832.45672607421875 0.013542707078158855438232421875
609.59429931640625 257.39361572265625 624.87762451171875 274.0640869140625 0.13632296025753021240234375
1282.625244140625 156.2659759521484375 47.487842559814453125 1014.61553955078125 2.2309725284576416015625
438.51690673828125 516.85003662109375 510.408477783203125 541.488037109375 -0.120181001722812652587890625
488.184234619140625 484.33258056640625 556.655029296875 506.805999755859375 -0.0208656005561351776123046875
31.4284496307373046875 11.369625091552734375 183.3762054443359375 950.24700927734375 -4.316103458404541015625
908.6385498046875 375.6463623046875 881.27960205078125 413.486663818359375 0.009983125142753124237060546875
97.6906890869140625 470.359954833984375 84.158721923828125 484.5391845703125 -0.0060917143709957599639892578125
899.29681396484375 588.29736328125 909.85693359375 628.87896728515625 0.008584965951740741729736328125
751.36138916015625 850.792724609375 809.630126953125 906.81005859375 0.053704775869846343994140625
827.96734619140625 253.0021514892578125 815.9420166015625 284.88421630859375 0.12875850498676300048828125
827.96734619140625 253.0021514892578125 815.9420166015625 284.88421630859375 0.117678157985210418701171875
535.9757080078125 428.14459228515625 599.91094970703125 447.267730712890625 0.123398102819919586181640625
425.22235107421875 759.5601806640625 546.93408203125 526.1759033203125 0.1196318566799163818359375
816.4957275390625 248.3194732666015625 806.14117431640625 279.275421142578125 0.12807567417621612548828125
816.4957275390625 248.3194732666015625 806.14117431640625 279.275421142578125 0.1670739352703094482421875
430.911773681640625 165.19549560546875 403.4334716796875 169.1901092529296875 0.112969696521759033203125
239.4221038818359375 335.130828857421875 225.5836181640625 335.862884521484375 0.087178044021129608154296875
323.117279052734375 241.732177734375 271.274383544921875 244.92498779296875 0.10165180265903472900390625
310.96453857421875 238.24957275390625 259.93475341796875 240.6100311279296875 0.106577575206756591796875
1261.3997802734375 45.169170379638671875 1232.62890625 580.48974609375 3.8422482013702392578125
471.530670166015625 452.13641357421875 541.46466064453125 470.917816162109375 0.1322328746318817138671875
471.530670166015625 452.13641357421875 541.46466064453125 470.917816162109375 0.0062531023286283016204833984375
415.8837890625 267.447265625 478.255035400390625 265.318603515625 0.13135349750518798828125
723.97503662109375 196.49114990234375 723.44036865234375 219.7532958984375 0.12676806747913360595703125
300.405975341796875 569.56268310546875 295.230072021484375 600.43597412109375 -0.038339398801326751708984375
722.048583984375 232.7308349609375 722.2149658203125 257.1162109375 0.158120930194854736328125
540.421142578125 434.940093994140625 603.2774658203125 453.83056640625 0.1028827130794525146484375
485.599945068359375 529.8052978515625 554.31182861328125 557.216064453125 -0.015408250503242015838623046875
534.01690673828125 219.7914886474609375 652.925048828125 224.623931884765625 1.02543580532073974609375
945.2657470703125 456.6802978515625 913.07147216796875 496.379852294921875 -0.02340039797127246856689453125
485.804168701171875 486.457305908203125 554.31866455078125 509.144195556640625 -0.01563595049083232879638671875
434.49737548828125 530.415283203125 506.753692626953125 556.11895751953125 -0.11774767935276031494140625
485.05755615234375 793.6580810546875 557.92132568359375 852.453857421875 -0.0089934952557086944580078125
234.2597808837890625 601.4949951171875 212.4663543701171875 638.65087890625 0.01674276031553745269775390625
730.59161376953125 825.38946533203125 774.32281494140625 879.4571533203125 -0.00970988534390926361083984375
602.1492919921875 737.111328125 632.4658203125 786.19427490234375 -0.10819518566131591796875
399.030792236328125 823.91534423828125 473.8358154296875 889.4388427734375 0.032466597855091094970703125
609.24627685546875 226.199432373046875 623.7744140625 240.9880523681640625 0.124398387968540191650390625
785.96038818359375 679.11474609375 821.9298095703125 722.15338134765625 -0.16639004647731781005859375
1185.39013671875 762.95819091796875 1110.8199462890625 804.3642578125 -0.036554016172885894775390625
467.96539306640625 553.0159912109375 538.1981201171875 582.5445556640625 0.07110106945037841796875
470.851287841796875 529.15350341796875 540.60125732421875 556.1588134765625 -0.078361384570598602294921875
387.623748779296875 497.368927001953125 442.21966552734375 518.66522216796875 6.24215984344482421875
630.49139404296875 173.63323974609375 643.68017578125 188.6482391357421875 0.14470498263835906982421875
492.104766845703125 126.75888824462890625 483.50811767578125 131.1692047119140625 0.18416185677051544189453125
386.004302978515625 516.6776123046875 436.567108154296875 600.56219482421875 0.066155053675174713134765625
969.8905029296875 338.98236083984375 1312.07373046875 663.85064697265625 -2.2039153575897216796875
435.2215576171875 518.35260009765625 507.024017333984375 542.86016845703125 0.0514522753655910491943359375
537.1317138671875 174.50439453125 538.10089111328125 183.6098785400390625 0.13656103610992431640625
95.9702606201171875 419.1383056640625 66.3743133544921875 421.466552734375 0.052089832723140716552734375
684.3876953125 180.6406402587890625 692.45263671875 202.3697509765625 0.10227976739406585693359375
380.769287109375 838.47406005859375 443.9356689453125 906.95867919921875 0.104501642286777496337890625
557.0335693359375 434.609405517578125 619.08135986328125 455.39862060546875 0.0300585664808750152587890625
1047.1907958984375 526.024658203125 994.97039794921875 568.53338623046875 0.07010185718536376953125
186.894317626953125 871.85235595703125 135.5584259033203125 783.40753173828125 -0.85186803340911865234375
392.696929931640625 481.23260498046875 449.7274169921875 500.983245849609375 -0.091124318540096282958984375
392.696929931640625 481.23260498046875 449.7274169921875 500.983245849609375 -0.057109892368316650390625
946.38397216796875 505.2803955078125 914.59259033203125 545.34271240234375 -0.0075234300456941127777099609375
621.12933349609375 429.909515380859375 675.6630859375 453.573089599609375 -0.009233712218701839447021484375
230.1569061279296875 233.391021728515625 170.7152557373046875 228.510772705078125 0.14009559154510498046875
1209.99609375 488.8463134765625 1120.665283203125 535.87762451171875 0.0282220505177974700927734375
574.10107421875 798.91436767578125 597.29315185546875 854.766357421875 -0.0270720981061458587646484375
377.646575927734375 715.57379150390625 432.44403076171875 765.58489990234375 -0.0043947487138211727142333984375
444.90802001953125 797.11248779296875 520.03863525390625 857.5972900390625 -0.087040089070796966552734375
337.7264404296875 437.504486083984375 987.64178466796875 904.19097900390625 0.0092747248709201812744140625
292.36492919921875 252.600006103515625 234.0753173828125 253.6143341064453125 0.040479518473148345947265625
423.912261962890625 263.154296875 490.99371337890625 260.3787841796875 0.13954804837703704833984375
423.912261962890625 263.154296875 490.99371337890625 260.3787841796875 0.164696276187896728515625
405.07452392578125 522.0677490234375 470.21063232421875 546.220458984375 -0.01927729137241840362548828125
1005.43243408203125 406.661468505859375 960.41351318359375 448.688140869140625 0.14028359949588775634765625
815.60784912109375 214.1762542724609375 806.3150634765625 245.5356292724609375 0.08734209835529327392578125
815.60784912109375 214.1762542724609375 806.3150634765625 245.5356292724609375 0.104244649410247802734375
1045.4915771484375 482.58203125 993.207763671875 525.33660888671875 0.1292165815830230712890625
399.75201416015625 829.59320068359375 475.87713623046875 896.97503662109375 -0.05780763924121856689453125
150.3031768798828125 758.1689453125 196.746337890625 819.56390380859375 0.01294402778148651123046875
1043.8421630859375 439.92962646484375 991.0703125 482.871917724609375 0.0557341016829013824462890625
466.042144775390625 142.6776275634765625 449.263641357421875 146.8208770751953125 0.10598368942737579345703125
304.176116943359375 241.806060791015625 251.48333740234375 243.5048065185546875 0.120237998664379119873046875
767.31939697265625 214.713043212890625 760.7010498046875 241.5522003173828125 0.1572964191436767578125
395.58135986328125 252.487396240234375 354.838348388671875 260.0267333984375 0.036347888410091400146484375
520.37261962890625 238.9336700439453125 652.925048828125 224.623931884765625 4.17549228668212890625
374.5565185546875 459.15814208984375 420.761383056640625 479.105987548828125 0.15650145709514617919921875
392.9361572265625 278.93536376953125 468.23516845703125 268.667236328125 0.129769980907440185546875
947.1248779296875 542.38055419921875 915.9678955078125 582.9757080078125 0.067061059176921844482421875
395.723297119140625 471.2144775390625 453.200927734375 490.020294189453125 0.12562502920627593994140625
796.64459228515625 222.3562164306640625 787.20220947265625 251.653656005859375 0.167610824108123779296875
173.4263458251953125 605.62664794921875 144.2650604248046875 639.7166748046875 -0.071906946599483489990234375
1219.2081298828125 663.50128173828125 1130.874755859375 706.096923828125 0.07104142010211944580078125
791.466064453125 819.49041748046875 849.86895751953125 871.52679443359375 -0.015249260701239109039306640625
775.71490478515625 806.55078125 820.92913818359375 858.14111328125 0.00549516640603542327880859375
753.0728759765625 190.1470489501953125 221.817230224609375 226.5421295166015625 -0.0353859551250934600830078125
753.0728759765625 190.1470489501953125 221.817230224609375 226.5421295166015625 -0.06404130160808563232421875
604.4442138671875 461.451416015625 661.4505615234375 486.422515869140625 -0.0586305558681488037109375
486.029754638671875 570.11572265625 554.52069091796875 626.15020751953125 -0.0110164321959018707275390625
329.9630126953125 432.473663330078125 353.13128662109375 446.0269775390625 0.083677582442760467529296875
322.115966796875 236.6630401611328125 268.4732666015625 238.4343109130859375 0.042556248605251312255859375
315.827392578125 92.7569427490234375 40.239498138427734375 22.1803436279296875 -5.543122768402099609375
374.1878662109375 741.1712646484375 427.68170166015625 794.83197021484375 -0.008362858556210994720458984375
485.584747314453125 575.9503173828125 554.66162109375 608.80572509765625 0.0441839732229709625244140625
486.394744873046875 565.78289794921875 554.66162109375 608.80572509765625 -0.0298178158700466156005859375
444.434112548828125 224.1104583740234375 415.5968017578125 232.8003387451171875 0.0650397241115570068359375
422.26580810546875 768.152587890625 495.384124755859375 825.30755615234375 0.027518443763256072998046875
1230.7921142578125 539.47705078125 1138.5291748046875 585.33868408203125 0.0666762292385101318359375
594.495849609375 314.01409912109375 651.19879150390625 328.439453125 0.13155269622802734375
803.71832275390625 211.89031982421875 793.841796875 241.68035888671875 0.0482218600809574127197265625
803.71832275390625 211.89031982421875 793.841796875 241.68035888671875 0.03531165421009063720703125
1017.1697998046875 389.061981201171875 969.24224853515625 431.710845947265625 0.13676130771636962890625
1208.638671875 463.00592041015625 1119.1241455078125 510.486328125 0.0057702711783349514007568359375
438.69183349609375 451.487579345703125 509.8463134765625 468.503326416015625 0.0617539100348949432373046875
407.883209228515625 271.30010986328125 468.23516845703125 268.667236328125 0.15677337348461151123046875
894.164306640625 683.88818359375 954.62164306640625 726.27685546875 0.08420382440090179443359375
602.154052734375 254.7765045166015625 618.98675537109375 271.1014404296875 0.163005173206329345703125
380.448272705078125 437.99102783203125 428.99560546875 452.449615478515625 -0.0471219718456268310546875
505.485687255859375 190.38201904296875 496.3585205078125 199.1154022216796875 0.076160021126270294189453125
1211.8392333984375 523.43505859375 1122.8016357421875 569.50665283203125 0.10787986218929290771484375
391.119140625 594.614013671875 450.731475830078125 627.86077880859375 -0.0346242897212505340576171875
339.058441162109375 246.3067626953125 287.582977294921875 251.01666259765625 0.012116317637264728546142578125
746.746826171875 215.7185821533203125 667.689697265625 194.662109375 0.1420993506908416748046875
65.41860198974609375 425.3006591796875 31.7707614898681640625 427.092041015625 -0.14187590777873992919921875
1137.620849609375 505.19659423828125 1065.4268798828125 549.90576171875 -0.011613778769969940185546875
1137.620849609375 505.19659423828125 1065.4268798828125 549.90576171875 0.0301512442529201507568359375
1187.1370849609375 534.2857666015625 1104.1597900390625 579.6920166015625 0.14001969993114471435546875
1187.1370849609375 534.2857666015625 1104.1597900390625 579.6920166015625 0.07761676609516143798828125
1359.8070068359375 658.0625 583.0654296875 2.963313579559326171875 -2.26782703399658203125
190.6024017333984375 194.0666046142578125 383.957305908203125 5.771307468414306640625 -0.37308597564697265625
878.094482421875 241.379730224609375 857.52850341796875 276.676788330078125 0.25983345508575439453125
878.094482421875 241.379730224609375 857.52850341796875 276.676788330078125 0.10550458729267120361328125
629.32623291015625 734.39801025390625 668.25799560546875 783.09564208984375 -0.115280248224735260009765625
616.301025390625 221.0607452392578125 632.09332275390625 236.97088623046875 0.1745488941669464111328125
945.9044189453125 480.705322265625 913.85601806640625 520.55322265625 0.00869681872427463531494140625
54.568359375 412.320343017578125 19.916713714599609375 411.66046142578125 -0.0087831057608127593994140625
1223.3470458984375 478.9981689453125 1131.2823486328125 526.599609375 0.02709074132144451141357421875
1196.478515625 553.94757080078125 1111.15478515625 598.53936767578125 0.183071553707122802734375
425.22235107421875 759.5601806640625 498.09295654296875 815.2398681640625 -0.0493228100240230560302734375
1139.5068359375 543.631591796875 1065.4268798828125 549.90576171875 0.029091306030750274658203125
1018.86224365234375 432.263885498046875 971.2723388671875 474.602203369140625 0.202454030513763427734375
364.12493896484375 253.339141845703125 313.50970458984375 260.57196044921875 0.1508068144321441650390625
584.73614501953125 797.934326171875 607.28814697265625 853.73565673828125 -0.0237761698663234710693359375
171.3974761962890625 743.552978515625 218.1466064453125 801.38360595703125 0.092724882066249847412109375
580.89892578125 71.00016021728515625 596.31005859375 77.56941986083984375 0.102758608758449554443359375
668.6676025390625 911.53515625 266.910125732421875 300.933441162109375 1.745810985565185546875
1020.19110107421875 475.983367919921875 973.111083984375 518.1446533203125 0.179904520511627197265625
288.82177734375 618.36260986328125 282.596405029296875 655.3636474609375 -0.06185378134250640869140625
288.82177734375 618.36260986328125 282.596405029296875 655.3636474609375 0.0358536057174205780029296875
364.780303955078125 293.226593017578125 517.71563720703125 200.449493408203125 -2.86982059478759765625
473.0084228515625 610.92730712890625 543.178466796875 647.07769775390625 -0.0082382224500179290771484375
380.134307861328125 659.101806640625 433.623443603515625 701.12481689453125 0.0072006545960903167724609375
292.87554931640625 67.94384002685546875 363.13092041015625 33.32047271728515625 0.14039759337902069091796875
821.2000732421875 318.5810546875 810.57147216796875 350.92822265625 0.074872113764286041259765625
105.03265380859375 418.885772705078125 76.43277740478515625 422.1014404296875 0.076452963054180145263671875
390.38629150390625 455.231414794921875 445.707000732421875 470.940185546875 0.036191828548908233642578125
390.869232177734375 853.994384765625 465.903900146484375 925.5751953125 -0.14183942973613739013671875
612.46929931640625 70.03585052490234375 629.6494140625 79.34995269775390625 0.15171922743320465087890625
122.08669281005859375 759.6236572265625 161.42547607421875 821.94525146484375 -0.2010630667209625244140625
1030.0819091796875 414.63592529296875 979.89691162109375 457.488250732421875 0.1711206138134002685546875
1030.0819091796875 414.63592529296875 979.89691162109375 457.488250732421875 0.19123733043670654296875
437.03814697265625 532.3883056640625 508.929412841796875 558.30859375 -0.0429227016866207122802734375
177.8403778076171875 582.13385009765625 150.0932769775390625 612.4168701171875 0.009687514044344425201416015625
1209.57763671875 479.483489990234375 1120.2332763671875 526.92254638671875 -0.02710831724107265472412109375
1209.57763671875 479.483489990234375 1120.2332763671875 526.92254638671875 0.001928927493281662464141845703125
430.838226318359375 290.37994384765625 502.173248291015625 290.235809326171875 0.1285326778888702392578125
1031.815185546875 457.297607421875 981.96826171875 499.826202392578125 0.15972842276096343994140625
743.55511474609375 271.78729248046875 740.56768798828125 298.475433349609375 0.09899236261844635009765625
411.010833740234375 456.2191162109375 476.698974609375 472.94293212890625 0.09551320970058441162109375
579.6044921875 734.75238037109375 603.7943115234375 783.87841796875 -0.058533616364002227783203125
450.875396728515625 476.4422607421875 522.43280029296875 496.81964111328125 0.02585343457758426666259765625
1033.34716796875 501.063507080078125 983.85064697265625 543.469970703125 0.052792377769947052001953125
1108.5272216796875 517.5255126953125 1043.3975830078125 561.486083984375 0.13767637312412261962890625
565.60614013671875 195.7824554443359375 574.77154541015625 206.98388671875 0.066068232059478759765625
574.1845703125 704.65924072265625 596.96826171875 751.30084228515625 -0.113135345280170440673828125
1340.2998046875 736.498291015625 1262.47900390625 776.21185302734375 0.07529129087924957275390625
428.132476806640625 807.53192138671875 504.430267333984375 870.11602783203125 -0.0508322902023792266845703125
357.91534423828125 829.10272216796875 408.84332275390625 896.606201171875 -0.02007757127285003662109375
291.229888916015625 186.6334991455078125 240.759124755859375 182.9477996826171875 0.0931227505207061767578125
1042.0604248046875 398.06182861328125 988.83575439453125 441.469512939453125 0.19030655920505523681640625
798.50494384765625 754.50714111328125 831.16241455078125 802.8250732421875 0.028517663478851318359375
268.440643310546875 622.499267578125 260.938232421875 659.5421142578125 -0.039423309266567230224609375
95.12961578369140625 742.4935302734375 113.63457489013671875 801.5389404296875 0.0148780159652233123779296875
738.66455078125 813.50048828125 784.344482421875 866.654296875 -0.084742851555347442626953125
777.1729736328125 408.850006103515625 808.40899658203125 438.799468994140625 0.115262143313884735107421875
416.214508056640625 493.68048095703125 485.56494140625 514.79852294921875 0.0531961061060428619384765625
1210.8719482421875 492.68994140625 1121.5511474609375 539.53985595703125 0.001343831070698797702789306640625
688.64532470703125 544.3409423828125 734.4176025390625 578.578369140625 -0.01120232045650482177734375
172.0485076904296875 763.72320556640625 223.2197113037109375 826.06085205078125 -0.02629818208515644073486328125
185.8097381591796875 777.52874755859375 237.9331817626953125 842.50762939453125 -0.089667566120624542236328125
377.15753173828125 690.5665283203125 431.4705810546875 738.802001953125 -0.045902244746685028076171875
610.2579345703125 240.5113677978515625 626.13238525390625 256.684906005859375 0.076105423271656036376953125
1298.2767333984375 466.15771484375 1259.269775390625 512.88848876953125 0.004595017991960048675537109375
1240.29541015625 749.0086669921875 545.8079833984375 889.1435546875 3.0425841808319091796875
495.11163330078125 840.11773681640625 568.09246826171875 906.33538818359375 0.057377807796001434326171875
177.9344024658203125 989.58856201171875 260.938232421875 659.5421142578125 -5.075653553009033203125
443.809539794921875 424.85211181640625 515.2257080078125 439.304168701171875 0.14501072466373443603515625
1052.4674072265625 822.10205078125 1074.0247802734375 867.009521484375 -0.119202554225921630859375
908.56146240234375 379.202423095703125 881.03082275390625 417.07720947265625 0.038274951279163360595703125
1216.0682373046875 520.75091552734375 1126.349853515625 567.04510498046875 -0.079382441937923431396484375
1191.3492431640625 607.46795654296875 1108.730224609375 651.102294921875 0.123647369444370269775390625
541.0283203125 135.836456298828125 544.86614990234375 141.8120574951171875 -0.03023593313992023468017578125
963.35595703125 575.1168212890625 979.67059326171875 636.974365234375 -0.078121162950992584228515625
362.08892822265625 421.579559326171875 402.54425048828125 433.949462890625 0.113205917179584503173828125
426.875885009765625 518.12689208984375 498.9339599609375 542.2950439453125 0.0656807422637939453125
426.875885009765625 518.12689208984375 498.9339599609375 542.2950439453125 0.079667933285236358642578125
379.265625 670.166748046875 433.23211669921875 713.79119873046875 -0.0065705510787665843963623046875
654.4857177734375 620.631103515625 695.9447021484375 659.09027099609375 -0.0149288810789585113525390625
641.59564208984375 207.9191436767578125 652.925048828125 224.623931884765625 0.1435497105121612548828125
307.911346435546875 607.4371337890625 300.5069580078125 643.30999755859375 0.00429727695882320404052734375
595.1385498046875 129.4389495849609375 620.3802490234375 146.1840057373046875 0.0175092183053493499755859375
1212.1937255859375 456.9598388671875 1121.7969970703125 504.947479248046875 -0.02141394652426242828369140625
923.07049560546875 856.35406494140625 976.0928955078125 908.8175048828125 -0.06024976074695587158203125
364.12689208984375 159.4963836669921875 318.444549560546875 163.3402099609375 0.08101682364940643310546875
1211.6976318359375 453.047943115234375 1121.7164306640625 501.4263916015625 0.0343052446842193603515625
575.31982421875 47.1245574951171875 595.21990966796875 51.588405609130859375 0.067552410066127777099609375
557.9378662109375 400.594512939453125 619.81243896484375 418.554412841796875 0.0532970428466796875
1224.0462646484375 491.8226318359375 1132.1707763671875 539.22613525390625 0.01260261051356792449951171875
426.61273193359375 712.28961181640625 527.51519775390625 734.82183837890625 0.027112044394016265869140625
922.84161376953125 370.499908447265625 958.38922119140625 413.922943115234375 -0.124371744692325592041015625
896.545166015625 350.88885498046875 870.81103515625 388.05859375 0.1653034687042236328125
387.58636474609375 256.778045654296875 344.205780029296875 265.051666259765625 0.10832567512989044189453125
528.76837158203125 214.6398468017578125 526.96392822265625 225.617706298828125 0.05826197564601898193359375
528.76837158203125 214.6398468017578125 526.96392822265625 225.617706298828125 0.044048421084880828857421875
410.949005126953125 526.26165771484375 478.61566162109375 550.7662353515625 0.0839684009552001953125
575.73382568359375 161.5213165283203125 599.94464111328125 166.3298797607421875 0.065736405551433563232421875
119.4649658203125 203.561676025390625 1287.071533203125 491.113189697265625 -2.6943199634552001953125
727.2410888671875 493.40826416015625 767.611083984375 525.206298828125 -0.0414164178073406219482421875
702.47528076171875 257.072540283203125 705.4337158203125 280.814300537109375 0.07058335840702056884765625
387.3885498046875 652.46551513671875 443.0474853515625 694.685791015625 -0.0023105586878955364227294921875
966.302001953125 539.8642578125 933.17431640625 580.58935546875 0.05057822167873382568359375
388.657958984375 475.97747802734375 443.713043212890625 494.572357177734375 0.085234470665454864501953125
457.537750244140625 666.3900146484375 528.40716552734375 709.21734619140625 0.00198725075460970401763916015625
712.03497314453125 608.04150390625 755.82257080078125 646.30126953125 -0.01294083334505558013916015625
1070.4130859375 399.693817138671875 1013.90155029296875 444.1748046875 -0.0479006804525852203369140625
507.5347900390625 222.101837158203125 499.006378173828125 232.5659027099609375 0.047325439751148223876953125
190.8374786376953125 495.567169189453125 169.04803466796875 513.705810546875 0.051112450659275054931640625
810.34814453125 856.57232666015625 883.65875244140625 911.14324951171875 0.0350013934075832366943359375
543.1297607421875 728.30279541015625 555.70806884765625 777.273193359375 -0.074703000485897064208984375
1211.826904296875 511.11328125 1122.56396484375 557.1373291015625 -0.0311637781560420989990234375
1217.5908203125 538.0687255859375 1127.6563720703125 583.6201171875 0.0417413227260112762451171875
173.1289520263671875 614.95196533203125 143.181427001953125 650.31671142578125 -0.00589730404317378997802734375
484.144012451171875 614.1080322265625 553.44879150390625 650.5767822265625 0.01824505068361759185791015625
792.31103515625 313.595855712890625 784.01141357421875 344.161895751953125 0.080998443067073822021484375
361.310455322265625 161.549041748046875 318.444549560546875 163.3402099609375 0.0785688459873199462890625
570.53021240234375 139.418060302734375 1168.3314208984375 793.594970703125 0.373907268047332763671875
268.942291259765625 498.07989501953125 263.19873046875 518.81353759765625 0.009642240591347217559814453125
1213.30615234375 477.86126708984375 1123.3828125 525.495849609375 -0.03977005183696746826171875
1295.37548828125 477.855316162109375 1257.30810546875 523.87261962890625 -0.014252171851694583892822265625
469.377105712890625 700.69415283203125 539.90655517578125 747.66522216796875 -0.01032081432640552520751953125
950.67486572265625 588.45184326171875 986.00634765625 627.5849609375 0.019420303404331207275390625
598.968017578125 724.3155517578125 629.44989013671875 772.00103759765625 0.2149506509304046630859375
778.0042724609375 802.1373291015625 823.95330810546875 854.3763427734375 -0.067192085087299346923828125
132.5982208251953125 761.80865478515625 175.1457977294921875 824.3287353515625 -0.0566646121442317962646484375
1057.1182861328125 421.853515625 1002.08306884765625 465.519866943359375 0.13750965893268585205078125
1022.29010009765625 517.67901611328125 975.4110107421875 559.787841796875 0.08910511434078216552734375
490.65899658203125 866.36419677734375 563.34527587890625 934.17181396484375 -0.013950436376035213470458984375
180.243438720703125 606.0401611328125 153.30853271484375 639.9290771484375 -0.011951734311878681182861328125
526.4381103515625 188.331207275390625 524.99310302734375 197.4560699462890625 0.107287041842937469482421875
284.373931884765625 597.99078369140625 278.184051513671875 632.0367431640625 -0.106229774653911590576171875
531.86285400390625 91.7040557861328125 539.0758056640625 96.0109405517578125 0.220331847667694091796875
310.688507080078125 461.524749755859375 324.6304931640625 477.894805908203125 0.0046887616626918315887451171875
371.57342529296875 418.45294189453125 416.092437744140625 430.417236328125 0.101721562445163726806640625
718.95843505859375 391.881256103515625 759.61260986328125 418.11492919921875 0.1448999345302581787109375
501.502471923828125 211.6925811767578125 491.385772705078125 221.2521514892578125 0.1639250218868255615234375
852.13623046875 732.6632080078125 923.94134521484375 778.198486328125 -0.0334897823631763458251953125
796.56103515625 208.987152099609375 787.77984619140625 238.17523193359375 0.123412482440471649169921875
796.56103515625 208.987152099609375 787.77984619140625 238.17523193359375 0.13365952670574188232421875
621.98358154296875 243.84490966796875 635.63720703125 260.830535888671875 0.15775394439697265625
1227.97705078125 475.67578125 1133.79833984375 494.012176513671875 0.079029835760593414306640625
563.0269775390625 703.39569091796875 581.3236083984375 749.83087158203125 -0.062839947640895843505859375
788.61126708984375 285.76104736328125 781.00982666015625 356.722320556640625 0.086651004850864410400390625
449.74700927734375 509.1534423828125 520.8885498046875 533.26495361328125 0.010396447964012622833251953125
232.2843170166015625 161.0324249267578125 1214.0830078125 813.404541015625 -3.4980514049530029296875
185.262176513671875 768.90777587890625 237.1301422119140625 831.98895263671875 -0.0061455103568732738494873046875
821.0205078125 344.701812744140625 810.64984130859375 377.385986328125 0.161866128444671630859375
483.804718017578125 801.650146484375 556.8345947265625 861.35748291015625 -0.1186454296112060546875
483.804718017578125 801.650146484375 556.8345947265625 861.35748291015625 0.07144115865230560302734375
1298.3953857421875 470.817626953125 1259.5638427734375 517.46533203125 0.023489080369472503662109375
378.845428466796875 261.14569091796875 332.7078857421875 269.08575439453125 0.10990546643733978271484375
658.46978759765625 213.0146331787109375 667.659912109375 231.679779052734375 0.1285326778888702392578125
658.46978759765625 213.0146331787109375 667.659912109375 231.679779052734375 -0.0029811426065862178802490234375
754.92999267578125 384.91180419921875 789.80047607421875 413.021331787109375 0.086765788495540618896484375
452.67791748046875 781.7908935546875 524.31085205078125 839.871337890625 -0.02698847465217113494873046875
483.449005126953125 642.47906494140625 428.5738525390625 761.5106201171875 -3.163119792938232421875
480.65728759765625 442.277587890625 549.4136962890625 460.4893798828125 0.14631886780261993408203125
405.14947509765625 531.0216064453125 468.7503662109375 557.41351318359375 0.0077466033399105072021484375
452.4627685546875 394.38909912109375 523.2618408203125 406.3133544921875 0.0457280762493610382080078125
268.943115234375 233.9117584228515625 214.9712371826171875 232.3820648193359375 0.0939733684062957763671875
1300.268798828125 325.460540771484375 61.381011962890625 74.082733154296875 -4.678632259368896484375
770.5743408203125 422.2662353515625 802.902099609375 452.35150146484375 0.075103543698787689208984375
160.2248077392578125 449.486480712890625 1030.20361328125 881.5013427734375 -0.4259752929210662841796875
377.1414794921875 400.75677490234375 424.601287841796875 411.205291748046875 -0.02463530562818050384521484375
439.3468017578125 454.451904296875 511.106536865234375 471.87713623046875 0.05010311305522918701171875
788.65899658203125 325.8817138671875 781.00982666015625 356.722320556640625 0.051518850028514862060546875
709.4403076171875 344.9923095703125 750.72515869140625 368.516021728515625 0.2621040642261505126953125
303.0994873046875 233.305999755859375 251.09136962890625 234.4312591552734375 0.023843280971050262451171875
1238.416259765625 652.66845703125 1144.92138671875 678.329833984375 0.12121696770191192626953125
1226.1497802734375 471.886749267578125 1138.0245361328125 569.2020263671875 -0.0287387035787105560302734375
290.8367919921875 348.340667724609375 292.0579833984375 352.482208251953125 0.099348686635494232177734375
620.73370361328125 182.9302978515625 634.26519775390625 197.128173828125 0.1327489912509918212890625
352.587921142578125 205.45037841796875 303.372406005859375 208.0840301513671875 0.090856134891510009765625
352.587921142578125 205.45037841796875 303.372406005859375 208.0840301513671875 0.1318903863430023193359375
441.51654052734375 449.90338134765625 513.18280029296875 467.012481689453125 0.072759695351123809814453125
148.0561370849609375 318.993804931640625 319.779144287109375 299.164093017578125 -3.8038547039031982421875
1213.71142578125 542.6429443359375 1124.599609375 587.9339599609375 -0.0044346959330141544342041015625
1213.71142578125 542.6429443359375 1124.599609375 587.9339599609375 0.037031255662441253662109375
406.682159423828125 506.95703125 471.99072265625 529.5244140625 0.05882017314434051513671875
475.171875 454.966033935546875 544.3433837890625 474.157989501953125 0.042206309735774993896484375
286.249542236328125 607.00067138671875 280.06231689453125 642.10137939453125 0.07484973967075347900390625
897.03485107421875 374.623046875 871.37628173828125 411.923431396484375 0.159066617488861083984375
791.3277587890625 752.7784423828125 824.91961669921875 800.33258056640625 -0.11223493516445159912109375
791.3277587890625 752.7784423828125 824.91961669921875 800.33258056640625 0.0277229733765125274658203125
801.6248779296875 224.3197784423828125 791.787841796875 254.3448486328125 0.097050122916698455810546875
801.6248779296875 224.3197784423828125 791.787841796875 254.3448486328125 0.070967383682727813720703125
187.781463623046875 237.120574951171875 126.88421630859375 229.2503814697265625 0.098837368190288543701171875
670.1138916015625 97.77095794677734375 681.01727294921875 113.81430816650390625 0.1827375888824462890625
670.1138916015625 97.77095794677734375 681.01727294921875 113.81430816650390625 0.15897659957408905029296875
512.08502197265625 213.30511474609375 504.492279052734375 223.5279998779296875 0.0526661388576030731201171875
595.09332275390625 737.22998046875 624.2181396484375 786.7244873046875 -0.098701007664203643798828125
957.86517333984375 460.037139892578125 924.7904052734375 500.1171875 -0.06332410871982574462890625
278.684295654296875 603.1287841796875 273.18121337890625 637.7779541015625 -0.062104381620883941650390625
379.2845458984375 833.60675048828125 442.37872314453125 901.73455810546875 -0.064775533974170684814453125
887.10791015625 536.64300537109375 899.384765625 574.5159912109375 0.0118420124053955078125
426.061309814453125 503.582244873046875 498.599151611328125 526.19921875 -0.0895977914333343505859375
77.89452362060546875 440.866455078125 45.35746002197265625 446.101318359375 0.01578881777822971343994140625
423.35968017578125 761.902099609375 496.08154296875 818.57427978515625 -0.19246877729892730712890625
792.45733642578125 273.451019287109375 784.01141357421875 344.161895751953125 0.00601341761648654937744140625
1211.3363037109375 505.160888671875 1122.1400146484375 551.66168212890625 0.000521446927450597286224365234375
269.038177490234375 391.94281005859375 258.788116455078125 458.407989501953125 0.15208940207958221435546875
483.867523193359375 625.38470458984375 553.26800537109375 662.68115234375 -0.08377932012081146240234375
481.423828125 438.953399658203125 550.45623779296875 456.6265869140625 0.061283327639102935791015625
602.2886962890625 725.0416259765625 633.30242919921875 773.11956787109375 0.1347234547138214111328125
1158.63720703125 453.425262451171875 1082.9539794921875 500.096282958984375 0.159928143024444580078125
453.852630615234375 562.51312255859375 524.80560302734375 592.94451904296875 0.09455020725727081298828125
874.759765625 319.455596923828125 852.2835693359375 355.2457275390625 0.107419408857822418212890625
129.9827880859375 760.51300048828125 171.111083984375 822.6031494140625 -0.0319523401558399200439453125
487.429473876953125 858.90325927734375 561.19879150390625 927.0670166015625 0.1233408451080322265625
657.7950439453125 243.2237396240234375 667.659912109375 231.679779052734375 0.16946120560169219970703125
834.4901123046875 545.07928466796875 856.9342041015625 581.94000244140625 0.1739113330841064453125
861.906494140625 721.90460205078125 923.94134521484375 778.198486328125 -0.105934686958789825439453125
1220.656005859375 501.717681884765625 1129.5328369140625 548.679931640625 -0.02396285720169544219970703125
675.80804443359375 180.5647735595703125 682.047119140625 199.30670166015625 0.052798233926296234130859375
403.577728271484375 547.6595458984375 466.377655029296875 575.4208984375 0.037918619811534881591796875
823.59527587890625 247.4151153564453125 812.023681640625 278.880523681640625 0.139045774936676025390625
136.669097900390625 443.9515380859375 110.86368560791015625 452.871185302734375 0.0308772213757038116455078125
280.017059326171875 270.4896240234375 199.8994598388671875 265.429840087890625 0.05441610515117645263671875
815.46502685546875 323.49188232421875 806.1878662109375 355.649658203125 0.063457004725933074951171875
366.239715576171875 389.35906982421875 407.2442626953125 398.396392822265625 0.041987664997577667236328125
1060.8045654296875 464.41717529296875 1008.62445068359375 570.90838623046875 0.000222640272113494575023651123046875
1202.0472412109375 623.91949462890625 1117.4144287109375 667.19464111328125 -0.063602678477764129638671875
829.20355224609375 256.5816650390625 816.96923828125 288.635894775390625 0.117140471935272216796875
262.60247802734375 350.493682861328125 250.9584197998046875 353.632049560546875 6.179553508758544921875
638.095458984375 171.38421630859375 650.416015625 187.1653900146484375 0.1613002121448516845703125
203.77349853515625 588.40045166015625 180.048675537109375 620.0516357421875 0.083310075104236602783203125
319.771026611328125 261.063446044921875 263.800994873046875 265.81256103515625 0.0478570051491260528564453125
234.276275634765625 658.98370361328125 212.263092041015625 701.43634033203125 -0.00907312333583831787109375
415.324127197265625 490.381683349609375 484.6304931640625 511.236297607421875 -0.0439426898956298828125
939.16619873046875 578.06231689453125 934.971435546875 618.2462158203125 -0.0511385537683963775634765625
373.93304443359375 798.35833740234375 433.879364013671875 861.79119873046875 -0.1108327805995941162109375
1023.44525146484375 523.87860107421875 976.01580810546875 566.00897216796875 0.07554589211940765380859375
912.4892578125 470.819091796875 885.753662109375 509.88311767578125 0.111849568784236907958984375
660.17388916015625 187.699432373046875 669.24920654296875 206.326690673828125 0.187897741794586181640625
1192.5411376953125 685.27813720703125 1111.2596435546875 727.73956298828125 0.0471470057964324951171875
1230.88623046875 678.3372802734375 1141.042724609375 720.50592041015625 -0.043541617691516876220703125
854.54864501953125 259.823699951171875 835.82635498046875 293.95721435546875 0.08815063536167144775390625
486.924468994140625 205.9783172607421875 472.07977294921875 215.1674346923828125 0.15873610973358154296875
807.88336181640625 858.70037841796875 880.40106201171875 913.71026611328125 -6.1258792877197265625
714.983154296875 339.1552734375 755.70013427734375 362.955230712890625 0.12446869909763336181640625
714.983154296875 339.1552734375 755.70013427734375 362.955230712890625 0.009847571142017841339111328125
513.9466552734375 112.7796478271484375 518.6085205078125 113.7050628662109375 0.011092598550021648406982421875
630.49169921875 313.48309326171875 683.161865234375 330.37945556640625 0.18063795566558837890625
792.2900390625 341.050750732421875 784.09173583984375 372.240020751953125 0.041177265346050262451171875
657.9547119140625 198.1659698486328125 667.10284423828125 216.461456298828125 -0.01041881926357746124267578125
1235.948486328125 751.05609130859375 1148.9317626953125 791.90911865234375 -0.0866315662860870361328125
491.57305908203125 874.00958251953125 564.336669921875 942.89508056640625 -0.04892386496067047119140625
723.7777099609375 122.97414398193359375 681.01727294921875 113.81430816650390625 0.1314482986927032470703125
723.7777099609375 122.97414398193359375 681.01727294921875 113.81430816650390625 0.14313958585262298583984375
526.2347412109375 244.082489013671875 591.996337890625 169.6186370849609375 0.037658162415027618408203125
465.26861572265625 286.56585693359375 534.88214111328125 289.204925537109375 0.14968776702880859375
416.2633056640625 839.02545166015625 491.94830322265625 906.788330078125 -0.0115581192076206207275390625
929.46368408203125 437.786163330078125 899.3201904296875 476.9619140625 -0.087497629225254058837890625
921.10101318359375 491.4747314453125 892.668212890625 530.767333984375 -0.024501614272594451904296875
921.10101318359375 491.4747314453125 892.668212890625 530.767333984375 0.120994865894317626953125
842.71685791015625 546.1561279296875 863.83941650390625 583.38250732421875 0.0963771343231201171875
698.99493408203125 452.98822021484375 744.46624755859375 484.474700927734375 0.0379628278315067291259765625
541.529541015625 97.84194183349609375 546.52093505859375 103.41068267822265625 0.13729713857173919677734375
600.60479736328125 245.8209075927734375 616.75238037109375 261.183319091796875 -0.065181396901607513427734375
772.67901611328125 145.8627471923828125 681.01727294921875 113.81430816650390625 0.064674861729145050048828125
943.66693115234375 501.336090087890625 912.2847900390625 541.373046875 0.122257195413112640380859375
1212.1785888671875 572.05548095703125 1123.639404296875 616.60369873046875 -0.124817036092281341552734375
393.113616943359375 192.1660308837890625 353.4642333984375 196.3734283447265625 0.14636306464672088623046875
290.55255126953125 365.692169189453125 293.9443359375 370.79754638671875 0.089843332767486572265625
290.55255126953125 365.692169189453125 293.9443359375 370.79754638671875 0.13802097737789154052734375
428.816070556640625 322.547210693359375 499.598297119140625 325.592803955078125 0.062993347644805908203125
804.2998046875 514.954345703125 803.95050048828125 506.730072021484375 0.14141224324703216552734375
525.05181884765625 443.671966552734375 590.0269775390625 464.1031494140625 -0.00211854465305805206298828125
968.6817626953125 392.020050048828125 933.12677001953125 432.430450439453125 0.22625444829463958740234375
451.740692138671875 272.621368408203125 523.02227783203125 273.15386962890625 0.13495250046253204345703125
451.740692138671875 272.621368408203125 523.02227783203125 273.15386962890625 0.07974942028522491455078125
635.58953857421875 371.0216064453125 688.04327392578125 391.538360595703125 0.1055160462856292724609375
655.417724609375 290.324371337890625 666.5186767578125 235.3078155517578125 0.3159931004047393798828125
791.41741943359375 327.54644775390625 784.09173583984375 372.240020751953125 -0.04857872426509857177734375
459.349884033203125 811.3443603515625 533.6131591796875 874.439208984375 -0.02629072777926921844482421875
377.103973388671875 784.7386474609375 431.89263916015625 844.8328857421875 -0.0144252777099609375
305.912994384765625 193.136444091796875 256.029205322265625 191.2505035400390625 0.077556841075420379638671875
699.31207275390625 313.896026611328125 695.38787841796875 312.462066650390625 0.072477661073207855224609375
1168.8414306640625 448.089324951171875 1090.4869384765625 495.024200439453125 0.12059485912322998046875
877.4124755859375 559.22296142578125 891.90985107421875 597.23834228515625 0.13491095602512359619140625
424.76190185546875 843.9036865234375 500.60150146484375 912.2266845703125 -0.106599412858486175537109375
345.966156005859375 266.388336181640625 294.110137939453125 273.176422119140625 0.09381757676601409912109375
449.601165771484375 128.514434814453125 433.99945068359375 130.61004638671875 0.13804627954959869384765625
363.416778564453125 208.38232421875 315.048828125 212.5992889404296875 0.06263434886932373046875
396.058258056640625 378.101776123046875 450.945831298828125 386.636810302734375 0.084359087049961090087890625
831.95806884765625 276.6644287109375 819.24609375 309.06793212890625 0.0575455836951732635498046875
584.6810302734375 245.7668609619140625 599.719482421875 259.96905517578125 0.08926276862621307373046875
562.952880859375 293.5289306640625 748.07733154296875 336.87628173828125 -3.120252132415771484375
96.6712799072265625 443.149505615234375 66.206939697265625 449.635528564453125 0.096503369510173797607421875
184.912811279296875 589.254638671875 159.5296478271484375 621.28643798828125 0.1797516644001007080078125
190.373077392578125 489.068023681640625 168.548370361328125 506.581207275390625 0.062451131641864776611328125
753.0750732421875 479.75396728515625 789.67449951171875 511.535247802734375 -0.0463464595377445220947265625
440.97845458984375 138.901702880859375 377.22662353515625 163.3262939453125 0.067300744354724884033203125
856.447998046875 385.95440673828125 838.0736083984375 421.121734619140625 0.16686248779296875
335.8607177734375 242.494171142578125 284.4691162109375 246.3885498046875 0.11809681355953216552734375
488.691680908203125 102.6604156494140625 433.99945068359375 130.61004638671875 0.10999281704425811767578125
479.55584716796875 113.801239013671875 377.22662353515625 163.3262939453125 0.104288853704929351806640625
715.3602294921875 261.4022216796875 715.96002197265625 285.926513671875 0.14474172890186309814453125
715.3602294921875 261.4022216796875 715.96002197265625 285.926513671875 0.0394179783761501312255859375
669.95111083984375 416.864288330078125 718.42608642578125 442.024810791015625 0.13394050300121307373046875
669.95111083984375 416.864288330078125 718.42608642578125 442.024810791015625 0.073012687265872955322265625
941.6319580078125 428.610870361328125 909.8013916015625 468.07598876953125 0.101603053510189056396484375
455.6260986328125 130.8126068115234375 433.99945068359375 130.61004638671875 0.090988494455814361572265625
879.95159912109375 351.582366943359375 857.05657958984375 387.859466552734375 0.114277832210063934326171875
377.25250244140625 813.09320068359375 440.571258544921875 877.4381103515625 0.058694474399089813232421875
